# numpoly:1.0.6 names:q0,q1,q2,q3,q4 keys:;;;;;,;;;;<,;;;;=,;;;;>,;;;<;,;;;<<,;;;<=,;;;=;,;;;=<,;;;>;,;;<;;,;;<;<,;;<;=,;;<<;,;;<<<,;;<=;,;;=;;,;;=;<,;;=<;,;;>;;,;<;;;,;<;;<,;<;;=,;<;<;,;<;<<,;<;=;,;<<;;,;<<;<,;<<<;,;<=;;,;=;;;,;=;;<,;=;<;,;=<;;,;>;;;,<;;;;,<;;;<,<;;;=,<;;<;,<;;<<,<;;=;,<;<;;,<;<;<,<;<<;,<;=;;,<<;;;,<<;;<,<<;<;,<<<;;,<=;;;,=;;;;,=;;;<,=;;<;,=;<;;,=<;;;,>;;;; shape:8
# onwind solar H2 battery tsc offwind wind transmission
312.4373 -391.8346 571.1606 -232.4347 995.7261 -392.5088 125.8961 -81.4406 -98.9452 -61.0844 267.8911 961.1417 -301.6314 -887.8503 237.2751 440.8255 589.0688 -517.6739 -193.0587 -143.6896 3164.3751 -358.7670 313.2720 -281.2833 -85.6180 -134.0724 666.7198 214.7186 165.8456 -13.0671 -1667.9213 -60.2647 492.7290 -64.2804 -978.7902 -3244.2060 -375.3659 -42.7608 -454.3638 309.5888 83.7323 -2068.0625 178.3897 -64.2866 509.9630 19.6981 -238.5836 -537.3775 -551.3157 3702.1555 2845.6509 83.1901 297.1995 575.2152 -2947.8235 -78.4187
775.5462 -250.9412 102.3691 22.6683 -282.4746 -164.5723 -159.2338 304.2892 154.7632 -150.9688 -1611.8900 58.9935 0.3881 234.1008 -17.2716 179.2319 1441.5295 -53.7221 -221.1003 -398.4502 901.4107 -74.9003 39.3663 -179.0505 172.3056 -187.2760 -1108.1561 -82.1491 111.6049 149.8923 -707.3095 66.4655 202.7793 498.3554 -186.3568 260.7067 229.0911 -2.0685 140.3029 -20.9274 19.1978 -368.6571 196.1795 -103.8119 250.6020 1895.9250 -238.1888 -196.4110 -536.2617 285.4721 -939.3383 -98.4949 63.3509 107.7804 -427.9337 306.5309
53.6881 198.1206 -89.5013 16.7533 -90.8549 -89.5198 52.0416 10.5360 -31.3906 34.1670 -40.6530 -31.0037 -27.0089 70.7780 99.3905 -76.2862 27.2941 -11.8425 35.2934 -5.1756 -10.0619 83.1815 11.5535 -16.6206 -87.7824 29.9345 30.6438 -1.4624 -64.7981 18.1834 88.6166 -29.4912 50.0532 -23.6954 -45.1176 201.8123 -57.6046 -10.2875 -100.9670 12.3064 17.7161 -26.1627 -14.0370 -10.4493 -29.1584 -201.0124 54.4325 -12.6632 23.1794 83.3961 -3.3943 21.0523 34.5381 42.9781 -38.5669 -15.7314
123.6291 -156.9930 224.3735 -93.1143 -34.2314 -189.3146 62.5520 149.8368 33.0317 -55.6992 131.8960 -5.2539 -12.7277 -139.4222 -66.6447 85.6963 -32.4857 10.6098 -10.1039 -5.5182 -55.2640 -140.2431 47.8278 128.6910 51.1416 -89.9412 -121.6620 64.2364 28.5333 -19.0320 5.0370 -12.1163 -17.0652 55.6004 -6.3922 -140.1521 3.1457 13.9790 142.4430 -9.8757 -29.2316 -28.2844 53.1217 4.5203 69.1870 301.6214 -65.7214 30.9624 -49.9673 -22.4105 -68.3714 -14.7810 -40.6655 -59.8174 -66.2004 75.9642
108.5312 -63.2357 20.0928 -0.7994 20.2880 29.4752 -14.9677 -21.6635 5.7598 -3.0344 -58.7831 9.5158 7.2437 30.6230 -17.1091 13.5900 28.7712 -4.8924 -17.1524 1.0167 50.0498 27.6391 -10.8641 -14.5858 16.7149 -4.4323 18.2869 -4.8740 4.7816 -14.3614 -121.4328 -2.7008 15.0218 -1.7148 28.6611 22.2102 26.4992 -3.6568 19.9285 -2.8876 4.4050 47.7222 4.9639 -10.4046 -9.8253 212.9224 -6.6924 -20.8728 30.8520 -45.0791 -119.3930 -6.2605 2.2860 -21.4898 -8.4597 32.3893
-5.0929 703.5702 -530.9152 136.7344 -344.8492 343.6744 5.3747 -107.8714 -62.5142 123.8950 640.7342 -710.8060 172.0375 414.1170 -60.0660 -377.9095 -817.2178 357.2948 203.8048 157.3102 -1949.7995 142.8980 -143.4658 167.8531 -25.0198 180.8857 -75.2081 -86.0572 -129.8991 58.8371 1387.8336 1.0156 -377.2831 -139.2836 574.3432 1710.2616 -114.8715 84.4245 122.4806 -194.1661 -37.4735 929.2299 -190.9301 140.1496 -304.8325 -1109.2484 237.8486 384.1468 333.4482 -2161.3902 -728.3037 46.7302 -192.4686 -236.6352 1993.3061 -310.0391
307.3444 311.7356 40.2454 -95.7003 650.8769 -48.8344 131.2708 -189.3119 -161.4594 62.8106 908.6253 250.3357 -129.5939 -473.7334 177.2091 62.9160 -228.1489 -160.3791 10.7461 13.6207 1214.5756 -215.8691 169.8062 -113.4302 -110.6378 46.8133 591.5116 128.6614 35.9465 45.7700 -280.0876 -59.2492 115.4459 -203.5640 -404.4469 -1533.9444 -490.2373 41.6636 -331.8832 115.4227 46.2587 -1138.8327 -12.5404 75.8630 205.1305 -1089.5503 -0.7351 -153.2307 -217.8675 1540.7653 2117.3472 129.9204 104.7309 338.5800 -954.5174 -388.4578
-164.2225 197.4830 -95.4945 25.1894 388.8631 -115.7692 -54.0006 244.1257 34.2212 -115.3752 496.7244 141.4527 -6.9774 -479.0153 35.2498 66.5611 89.4257 -131.4759 8.6274 -49.8491 309.0975 -214.3208 67.5127 -87.5744 39.4237 59.0555 -232.8996 45.0422 169.0586 55.7159 -67.0085 67.2022 -181.8908 57.0183 -75.8675 518.1065 -60.0116 8.9660 -265.7262 60.4525 -26.5476 -338.6944 106.6783 51.1239 93.9752 67.3076 -176.6024 157.8926 -222.5509 337.6144 -126.7308 30.7549 14.6069 83.0688 -140.7881 -2.3890
