# numpoly:1.0.6 names:q0,q1,q2,q3,q4 keys:;;;;;,;;;;<,;;;;=,;;;;>,;;;<;,;;;<<,;;;<=,;;;=;,;;;=<,;;<;;,;;<;<,;;<;=,;;<<;,;;=;;,;<;;;,;<;;<,;<;;=,;<;<;,;<<;;,;=;;;,<;;;;,<;;;<,<;;<;,<;<;;,<<;;;,=;;;; shape:9
# onwind solar H2 battery transmission offwind wind tsc gini
1378.4745 27.6260 -25.0978 0.0000 25.3991 280.7790 -83.7172 -117.6872 0.0000 280.1732 -45.4404 0.0000 0.0000 -91.7598 1510.9842 55.3761 0.0000 0.0000 128.5779 -1485.0979 -2512.2491 -71.0376 0.0000 -20.3258 1877.8173 -42.8800
216.4564 -354.5323 344.3726 -142.7481 305.7637 -364.9856 136.1528 92.6694 0.0000 -380.4735 167.1536 -82.2849 0.0000 0.1034 162.9063 31.4433 0.0000 -54.9233 0.0000 0.0000 153.6578 73.2899 -96.6370 0.0000 0.0000 0.0000
140.2315 65.9803 -42.1922 57.5378 -188.3103 69.4649 -113.5524 38.2549 29.6216 39.9515 -12.0008 0.0000 0.0000 0.0000 12.4188 0.0000 0.0000 0.0000 0.0000 0.0000 -12.0322 0.0000 0.0000 0.0000 0.0000 0.0000
-33.8855 3.9323 420.3042 -578.2725 272.8333 -938.7957 1068.4252 254.4426 -395.1798 -12.8636 55.2690 0.0000 -92.9157 0.0000 66.6822 -186.2971 106.7031 0.0000 0.0000 0.0000 27.2197 7.5393 -21.0093 0.0000 0.0000 0.0000
375.3991 -111.2715 267.7665 -143.9605 4.2460 -17.3363 0.0000 55.4318 0.0000 4.1131 1.6763 0.0000 0.0000 32.6288 67.7736 0.0000 0.0000 -45.7326 0.0000 0.0000 104.3482 -27.8941 58.3875 -69.2205 0.0000 0.0000
91.2524 82.3237 -112.8767 56.7957 25.7616 29.3641 0.0000 0.0000 0.0000 8.5681 17.1913 0.0000 -24.3861 0.0000 -700.0538 -29.7598 0.0000 0.0000 0.0000 544.2752 782.2045 0.0000 0.0000 27.6216 -754.0740 103.4269
1425.2875 102.2385 -176.9404 101.2127 38.7853 396.4514 -149.4056 -115.3526 0.0000 363.8278 -16.1090 0.0000 -42.2633 -105.1631 672.9572 7.3887 0.0000 0.0000 84.3759 -793.2281 -1542.9314 -70.7533 0.0000 0.0000 1031.1974 0.0000
91.1644 7.9002 -10.2660 0.0000 36.2919 22.0572 0.0000 -13.6807 0.0000 27.7630 0.0000 0.0000 0.0000 0.0000 -51.2398 0.0000 0.0000 0.0000 0.0000 0.0000 66.8163 0.0000 0.0000 0.0000 83.6308 -22.2620
0.5463 -0.0032 0.0000 0.0000 -0.0019 0.0000 0.0000 0.0000 0.0000 -0.0220 0.0000 0.0000 0.0000 0.0000 -0.0500 0.0000 0.0000 0.0000 0.0000 0.0000 0.1300 0.0000 0.0000 0.0000 0.0000 0.0000
