# numpoly:1.0.6 names:q0,q1,q2,q3,q4 keys:;;;;;,;;;;<,;;;;=,;;;;>,;;;<;,;;;<<,;;;<=,;;;=;,;;;>;,;;<;;,;;<;<,;;<;=,;;<<;,;;=;;,;;=;<,;<;;;,;<;;<,;<;<;,;<<;;,;=;;;,<;;;;,<;;;<,<;;;=,<;;<;,<;;<<,<;;=;,<;<;;,<;<<;,<<;;;,<<;<;,=;;;;,=;;<;,=<;;; shape:9
# onwind solar H2 battery transmission offwind wind tsc gini
1961.6596 -23.9205 -15.0843 0.0000 126.7811 139.0105 62.2769 -674.8881 -118.8973 -93.0081 804.8357 -627.3468 132.3176 -114.3635 -93.6686 1752.5052 -35.7905 19.3890 332.9189 -3454.2002 -6024.8977 -427.5245 560.9417 1354.9541 -342.1207 968.0443 68.4128 0.0000 6612.1625 430.7901 490.7745 -2144.8830 -813.4407
1576.9227 -593.0307 398.3962 0.0000 -1582.2195 18.3215 0.0000 475.1130 0.0000 -2143.6702 255.1175 0.0000 634.1636 1287.4049 0.0000 665.8123 -55.9117 -212.9820 -152.0211 -627.0135 -391.5510 388.0111 -494.7871 2266.8680 70.5321 -490.9483 -691.5207 -1305.7791 1154.4359 0.0000 -5.5900 0.0000 0.0000
345.7642 182.0228 -220.1113 73.9509 -622.5746 86.3043 0.0000 320.1503 0.0000 -93.9240 0.0000 0.0000 96.9353 0.0000 0.0000 -18.6462 0.0000 -50.6543 0.0000 0.0000 238.0317 -7.5729 0.0000 -247.1092 0.0000 0.0000 0.0000 0.0000 145.0194 0.0000 -48.9133 0.0000 0.0000
450.0185 -2923.0389 4709.9461 -2296.0706 695.1369 -1266.6360 709.6371 0.0000 0.0000 33.6544 11.1307 0.0000 -19.3906 0.0000 0.0000 87.9850 -87.5761 0.0000 0.0000 0.0000 413.4437 -526.1389 194.1168 0.0000 0.0000 0.0000 -63.7558 0.0000 0.0000 0.0000 0.0000 0.0000 0.0000
206.8489 130.9154 -161.9479 62.1779 110.7566 -15.5420 0.0000 -15.9338 0.0000 161.7772 0.0000 0.0000 89.8789 -64.4737 0.0000 199.0760 0.0000 -55.6825 84.5387 -354.3387 -371.4674 30.0623 0.0000 -70.5250 0.0000 0.0000 -150.2469 0.0000 680.1800 0.0000 -96.1312 0.0000 0.0000
133.2029 91.4256 -95.9001 0.0000 -105.3499 0.6112 0.0000 0.0000 0.0000 65.6976 -131.8267 106.3118 0.0000 -25.5896 0.0000 -1312.3735 29.6853 -122.0267 -133.7833 2137.3136 1275.2355 8.9792 0.0000 297.7011 0.0000 0.0000 200.6774 0.0000 -3505.9089 0.0000 1167.4599 0.0000 0.0000
1030.5648 101.5526 -92.6161 0.0000 495.1488 211.2575 0.0000 -329.5178 0.0000 298.1010 193.2031 -259.4398 144.0617 -268.0926 0.0000 663.9747 -4.3803 226.0463 121.4679 -1170.7741 -1855.5189 -121.1809 322.9697 -533.8333 -328.5046 253.9891 316.0934 0.0000 1949.5302 0.0000 -462.4300 0.0000 0.0000
92.1542 8.4409 -11.5388 0.0000 34.8484 22.8730 0.0000 -12.4112 0.0000 23.4212 0.0000 0.0000 0.0000 0.0000 0.0000 -49.7714 0.0000 0.0000 0.0000 0.0000 64.6620 0.0000 0.0000 0.0000 0.0000 0.0000 0.0000 0.0000 92.2189 0.0000 -24.9106 0.0000 0.0000
0.2831 0.0000 0.0000 0.0000 0.0000 0.0000 0.0000 0.0000 0.0000 0.0000 0.0000 0.0000 0.0000 0.0000 0.0000 0.0000 0.0000 0.0000 0.0000 0.0000 0.0000 0.0000 0.0000 0.0000 0.0000 0.0000 0.0000 0.0000 0.0000 0.0000 0.0000 0.0000 0.0000
