# numpoly:1.0.6 names:q0,q1,q2,q3,q4 keys:;;;;;,;;;;<,;;;;=,;;;;>,;;;<;,;;;<<,;;;<=,;;;=;,;;;=<,;;;>;,;;<;;,;;<;<,;;<;=,;;<<;,;;=;;,;<;;;,;<;;<,;<;<;,;<<;;,;=;;;,<;;;;,<;;;<,<;;;=,<;;<;,<;;<<,<;<;;,<;<;<,<<;;;,=;;;; shape:9
# onwind solar H2 battery transmission offwind wind tsc gini
1821.6240 -149.1100 -244.4952 159.4331 4.1889 555.8337 -250.5229 -234.1434 0.0000 31.0899 190.5732 271.6673 48.0669 -44.8790 -177.7259 1505.8837 0.0000 169.5218 0.0000 -2615.2553 -2784.6625 227.3661 0.0000 -77.7218 0.0000 429.3016 -396.7307 3961.3840 -1068.2231
-3.5223 -128.3328 153.0073 -57.7084 347.1212 -347.5364 0.0000 40.4302 124.6258 0.0000 -463.8695 27.7400 0.0000 118.9931 17.4641 69.0454 36.4011 44.5821 0.0000 0.0000 815.8755 20.9134 44.3820 -360.8653 0.0000 0.0000 0.0000 -254.9181 0.0000
129.1045 108.1149 -148.4688 126.5194 -107.4476 83.9261 -172.1725 -48.2559 78.4336 0.0000 29.9729 -3.4593 0.0000 0.0000 0.0000 13.0583 0.0000 0.0000 0.0000 0.0000 -26.4674 21.1798 0.0000 8.5235 0.0000 0.0000 0.0000 0.0000 0.0000
57.5207 -276.7890 1212.1636 -1094.1683 275.5336 -1510.8246 1633.7553 408.4182 -577.3063 0.0000 -32.4016 23.9909 0.0000 -31.9215 -11.6831 -27.4770 -12.4602 0.0000 0.0000 0.0000 88.9588 -102.4322 0.0000 3.6851 0.0000 0.0000 0.0000 0.0000 0.0000
318.0487 -2.8837 77.2096 -50.5329 -69.7613 -16.3920 0.0000 121.6857 0.0000 0.0000 45.4683 0.0000 0.0000 -12.7315 23.9300 77.3576 33.7302 0.0000 0.0000 0.0000 188.5690 -48.2306 0.0000 -16.3486 3.6407 -66.9851 0.0000 -156.8070 107.5516
-3.7629 -9.8747 0.0000 0.0000 -6.0849 -0.3521 0.0000 11.9669 0.0000 0.0000 61.9284 6.0533 0.0000 -1.9483 0.0000 -350.9183 0.0000 -53.5683 0.0000 812.2853 295.9811 2.5084 0.0000 66.8688 0.0000 -56.1774 0.0000 -1319.2392 548.6935
1736.8466 102.9560 -205.2135 137.2889 -5.0648 473.9452 -187.1043 -147.4606 0.0000 0.0000 433.6849 6.8503 0.0000 -72.9257 -134.2749 977.2364 -21.1869 88.2882 24.2102 -1642.9291 -2309.9537 -89.6045 0.0000 0.0000 0.0000 56.1599 0.0000 2552.5736 -433.6273
97.5842 8.1011 -9.8273 0.0000 37.1126 21.2018 0.0000 -13.9358 0.0000 0.0000 27.6003 0.0000 0.0000 0.0000 0.0000 -56.9377 0.0000 0.0000 0.0000 0.0000 56.3076 0.0000 0.0000 0.0000 0.0000 0.0000 0.0000 90.9428 -19.7632
0.5099 -0.0049 0.0000 0.0000 0.0626 0.0000 0.0000 0.0000 0.0000 0.0000 -0.0286 0.0000 0.0000 0.0000 0.0000 -0.0549 0.0000 0.0000 0.0000 0.0000 0.1277 0.0000 0.0000 0.0000 0.0000 0.0000 0.0000 0.0000 0.0000
