# numpoly:1.0.6 names:q0,q1,q2,q3,q4 keys:;;;;;,;;;;<,;;;;=,;;;;>,;;;<;,;;;<<,;;;<=,;;;=;,;;;=<,;;<;;,;;<;<,;;<;=,;;<<;,;;<<<,;;=;;,;<;;;,;<;;<,;<;;=,;<;<;,;<;<<,;<<;;,;=;;;,<;;;;,<;;;<,<;;;=,<;;<;,<;;<<,<;<;;,<<;;;,=;;;; shape:9
# onwind solar H2 battery transmission offwind wind tsc gini
830.8510 -64.6564 -357.5762 133.0232 -211.8715 346.5879 0.0000 -201.7136 157.1818 414.7699 -510.2809 155.8089 150.1991 92.4893 -305.6474 2964.0375 139.7992 -106.1710 323.1148 0.0000 433.8043 -3756.6460 -3987.1427 858.9170 9.4954 72.2910 -792.1189 -36.8354 5261.6373 -1356.5510
588.9019 -320.8753 324.9418 0.0000 525.3499 -539.0931 0.0000 -2.8579 0.0000 -2179.0402 1102.9293 0.0000 -35.1689 -508.7898 1737.0955 881.1360 -114.8144 -13.6008 -155.7501 184.2959 -816.5333 -420.5315 1009.4850 -1030.8401 0.0000 -313.9724 734.6036 -1142.2110 1251.8865 -234.4788
143.1492 121.1452 -102.3756 81.4256 -358.3376 277.0653 -172.9312 198.2739 -75.4867 18.1003 -23.0562 0.0000 4.2124 0.0000 0.0000 38.2875 -44.4702 0.0000 -38.5886 62.2396 0.0000 0.0000 45.4206 0.0000 0.0000 -91.8462 0.0000 0.0000 18.2159 0.0000
149.7386 -1292.5963 2336.1766 -1277.6204 613.6654 -1304.0311 866.4116 51.1319 -82.4708 -182.9892 211.9086 0.0000 -48.1214 0.0000 90.6793 152.6239 -169.0700 0.0000 -10.7192 0.0000 0.0000 0.0000 241.6192 -153.8076 0.0000 0.0000 0.0000 -163.4383 0.0000 0.0000
348.5416 67.0622 -57.3262 0.0000 214.4327 -202.9324 53.1240 -44.4907 94.3068 11.8354 -48.1646 0.0000 3.0645 0.0000 -10.1599 364.9370 72.2942 0.0000 -299.8462 0.0000 0.0000 0.0000 -144.7447 37.8769 0.0000 229.3865 0.0000 41.9720 -128.5397 0.0000
211.0879 125.9086 -82.8738 0.0000 -39.5825 46.7022 0.0000 5.7593 0.0000 11.2306 0.0000 0.0000 -30.9147 0.0000 0.0000 -1797.4862 -120.5657 73.5741 -106.5175 0.0000 -96.1761 2484.7386 1786.7822 33.8446 -45.2657 202.4071 0.0000 167.0444 -3861.3742 1195.7259
884.0156 81.0569 -247.3285 67.2890 -83.0136 165.5066 0.0000 -170.6238 123.7896 671.1037 -380.6941 0.0000 45.9667 171.8936 -373.0082 1067.7198 -2.1827 0.0000 181.5844 0.0000 242.5832 -1097.4243 -2057.7325 662.1483 0.0000 141.7118 -545.5380 70.7350 1280.9754 -82.7560
80.1681 6.3652 -9.0963 0.0000 33.6166 21.2513 0.0000 -12.3519 0.0000 26.8888 0.0000 0.0000 0.0000 0.0000 0.0000 -37.1373 0.0000 0.0000 0.0000 0.0000 0.0000 0.0000 68.3048 0.0000 0.0000 0.0000 0.0000 0.0000 65.5753 -16.7140
0.6089 0.0172 0.0000 0.0000 -0.0041 0.0000 0.0000 0.0000 0.0000 0.0140 0.0000 0.0000 0.0000 0.0000 0.0000 -0.0037 0.0000 0.0000 0.0000 0.0000 0.0000 0.0000 0.0052 0.0000 0.0000 0.0000 0.0000 0.0000 0.0000 0.0000
