# numpoly:1.0.6 names:q0,q1,q2,q3,q4 keys:;;;;;,;;;;<,;;;;=,;;;;>,;;;<;,;;;<<,;;;<=,;;;=;,;;;=<,;;;>;,;;<;;,;;<;<,;;<;=,;;<<;,;;<<<,;;=;;,;;=;<,;<;;;,;<;;<,;<;;=,;<;<;,;<;<<,;<<;;,;=;;;,<;;;;,<;;;<,<;;;=,<;;<;,<;;<<,<;;=;,<;<;;,<;<;<,<<;;;,=;;;;,=;;;< shape:9
# onwind solar H2 battery transmission offwind wind tsc gini
938.1193 -143.6681 -428.0894 213.6840 2625.5310 -594.4922 160.5358 -1878.7052 -300.8897 338.5511 -1050.9072 1491.9940 -121.8979 -545.5360 815.1024 325.8294 -1164.3609 2637.4989 -485.2291 0.0000 -327.7508 892.8230 379.0046 -4792.6234 -3134.0963 734.1244 0.0000 -2139.5917 -833.9272 1763.0383 728.0538 0.0000 7876.9441 -2907.4488 -171.3769
690.3557 -74.3377 -492.6959 423.1544 865.4441 -887.8877 -747.3552 -227.9712 475.1545 0.0000 -1645.5921 134.9608 694.3575 94.0879 0.0000 1527.0243 101.7088 92.8067 363.7832 -186.2847 -6.2535 0.0000 -670.4935 0.0000 668.0047 378.9701 -145.8282 -751.9701 1134.1793 -37.5175 -1238.8060 -1221.1172 648.3460 501.6961 0.0000
136.3952 155.4387 -98.4691 0.0000 -225.2301 13.0774 0.0000 79.3810 0.0000 0.0000 9.8708 -30.2096 0.0000 18.6920 0.0000 0.0000 0.0000 76.1527 33.7011 0.0000 0.0000 0.0000 0.0000 0.0000 -155.0992 16.7566 0.0000 0.0000 0.0000 0.0000 0.0000 0.0000 0.0000 0.0000 0.0000
714.2335 -1358.6275 2650.4510 -1356.7046 1127.1048 -1959.3035 362.2199 -475.7796 644.3194 -6.4959 -224.0623 -336.7610 316.6675 -30.4592 0.0000 0.0000 0.0000 -414.4210 4.3796 0.0000 122.6016 0.0000 121.0415 0.0000 262.5312 -585.0118 230.4530 185.0578 0.0000 0.0000 -58.5340 0.0000 43.6466 0.0000 0.0000
359.9905 -36.4684 84.5846 0.0000 20.2049 211.6862 -151.9393 -41.6801 0.0000 0.0000 12.5411 0.0000 0.0000 -0.8931 0.0000 0.0000 0.0000 274.9485 -72.5184 0.0000 0.0000 0.0000 0.0000 0.0000 188.1516 0.0000 0.0000 -29.6525 0.0000 0.0000 0.0000 0.0000 -228.2164 0.0000 0.0000
-11.3500 -107.9582 237.3294 -206.6313 14.7117 -84.2255 242.2140 52.5639 -1.7670 0.0000 22.3535 102.1175 0.0000 31.2368 -61.6997 0.0000 0.0000 -1276.3516 -104.6618 0.0000 -146.2448 -86.0807 0.0000 2766.0734 1461.2793 48.7959 0.0000 300.2386 0.0000 -149.2439 0.0000 0.0000 -4683.4095 1721.8621 0.0000
1439.7159 -437.4909 -91.6669 0.0000 346.6000 448.0568 474.0046 -249.9091 -546.2084 45.2394 -193.4008 828.5236 -286.9703 -220.6596 233.6036 -225.8104 -378.8836 956.2178 -98.8600 0.0000 -80.5377 138.0229 282.9094 -1864.8630 -1969.7208 383.0525 0.0000 -522.1855 -655.6710 630.5997 634.9570 0.0000 3081.4781 -1152.6071 0.0000
101.1524 6.0163 -11.0806 0.0000 31.1479 22.1577 0.0000 -12.9173 0.0000 0.0000 19.4195 0.0000 0.0000 0.0000 0.0000 0.0000 0.0000 -48.6404 0.0000 0.0000 0.0000 0.0000 0.0000 0.0000 57.8244 0.0000 0.0000 0.0000 0.0000 0.0000 0.0000 0.0000 77.4218 -17.0862 0.0000
0.5747 0.0015 0.0000 0.0000 0.0273 0.0000 0.0000 0.0000 0.0000 0.0000 0.0810 0.0000 0.0000 0.0000 0.0000 0.0000 0.0000 0.0510 0.0000 0.0000 0.0000 0.0000 0.0000 0.0000 -0.0861 0.0000 0.0000 0.0000 0.0000 0.0000 0.0000 0.0000 0.0000 0.0000 0.0000
