# numpoly:1.0.6 names:q0,q1,q2,q3,q4 keys:;;;;;,;;;;<,;;;;=,;;;;>,;;;<;,;;;<<,;;;<=,;;;=;,;;;=<,;;<;;,;;<;<,;;<;=,;;<<;,;;<<<,;;<=;,;;=;;,;;=;<,;<;;;,;<;;<,;<;<;,;<;<<,;<<;;,;=;;;,<;;;;,<;;;<,<;;;=,<;;<;,<;;<<,<;<;;,<<;;;,<<;<;,<=;;;,=;;;;,=;;<; shape:9
# onwind solar H2 battery transmission offwind wind tsc gini
2659.9376 -811.3181 722.9795 -157.0317 1011.5661 318.4098 114.4124 28.7148 -272.9867 -167.6688 1111.5356 -1099.1189 -322.1335 267.8600 0.0000 -239.0037 -20.1889 -191.2457 -676.4749 -1477.7356 632.7666 520.1216 -3398.7718 -5193.1989 414.5655 387.4529 -852.2412 -869.8780 0.0000 11930.4659 2099.6324 -2401.1471 -2632.4570 -581.4540
482.2448 -157.2574 176.3284 -113.3053 448.2758 -425.2088 236.5896 -225.6734 -29.0480 -1130.3787 639.2691 101.3569 -600.9914 -588.0617 462.8616 1230.1288 0.0000 160.3643 -26.6599 207.1638 62.2578 -5.0236 -594.8475 692.9584 -411.1392 0.0000 -21.2890 232.0332 -1582.8366 1198.9434 0.0000 0.0000 8.7746 0.0000
216.3953 222.0005 -154.0180 61.3133 -335.3393 19.1464 -79.9026 201.9101 16.8849 9.7106 -54.4161 0.0000 24.8033 0.0000 0.0000 0.0000 0.0000 -61.6013 33.3460 -14.8094 0.0000 0.0000 0.0000 -102.8577 29.9186 0.0000 -71.3789 0.0000 0.0000 133.2435 0.0000 0.0000 0.0000 0.0000
18.4157 -474.8638 1263.0146 -840.6590 862.0744 -1728.9338 1076.3473 -68.2195 0.0000 -68.4686 93.1117 0.0000 -125.4792 0.0000 0.0000 26.3019 0.0000 32.9181 -101.4873 59.0961 0.0000 0.0000 0.0000 -28.9612 0.0000 0.0000 44.7675 0.0000 -11.6825 0.0000 0.0000 0.0000 17.2070 0.0000
696.3543 5.2878 3.1261 0.0000 148.1927 0.0000 0.0000 -9.6940 0.0000 62.4669 -18.8802 0.0000 0.0000 0.0000 0.0000 0.0000 0.0000 -83.5836 0.0000 -84.2905 0.0000 0.0000 0.0000 162.1640 16.1523 0.0000 0.0000 0.0000 0.0000 237.4593 0.0000 0.0000 -172.2065 0.0000
-244.5321 -12.4514 -114.1298 63.5008 -1.7615 211.4997 -97.1617 -49.9268 41.7593 169.4892 -195.7734 157.8818 139.4975 0.0000 0.0000 -52.5065 0.0000 -1231.3764 157.4479 -347.2749 -81.0239 -193.4859 3193.5650 1768.4334 -19.2050 -76.1185 283.5197 0.0000 188.6550 -5369.2170 0.0000 0.0000 1778.9257 0.0000
1701.0596 -773.1860 408.0366 0.0000 -87.3601 520.5982 0.0000 -167.9001 -3.6320 266.9631 591.7793 -591.9598 -43.3208 59.7908 0.0000 -370.5220 0.0000 536.9173 -111.6572 212.7332 0.0000 223.1685 -2078.8428 -2241.5709 455.6792 5.6392 48.2800 -432.6674 170.5987 3775.2027 0.0000 0.0000 -1152.9626 0.0000
91.5747 8.7570 -11.4391 0.0000 35.1488 22.7795 0.0000 -13.1837 0.0000 27.7551 0.0000 0.0000 0.0000 0.0000 0.0000 0.0000 0.0000 -51.3092 0.0000 0.0000 0.0000 0.0000 0.0000 66.6541 0.0000 0.0000 0.0000 0.0000 0.0000 83.3513 0.0000 0.0000 -21.9886 0.0000
0.6342 -0.0122 0.0000 0.0000 0.0301 0.0000 0.0000 0.0000 0.0000 -0.0226 0.0000 0.0000 0.0000 0.0000 0.0000 0.0000 0.0000 -0.0045 0.0000 0.0000 0.0000 0.0000 0.0000 0.0316 0.0000 0.0000 0.0000 0.0000 0.0000 0.0000 0.0000 0.0000 0.0000 0.0000
