# numpoly:1.0.6 names:q0,q1,q2,q3,q4 keys:;;;;;,;;;;<,;;;;=,;;;;>,;;;<;,;;;<<,;;;<=,;;;=;,;;;=<,;;<;;,;;<;<,;;<<;,;;<<<,;;=;;,;<;;;,;<;;<,;<;<;,;<;<<,;<;=;,;<<;;,;=;;;,<;;;;,<;;;<,<;;<;,<;;=;,<;<;;,<<;;;,=;;;; shape:9
# onwind solar H2 battery transmission offwind wind tsc gini
1281.0372 -481.4465 252.1858 -142.6506 226.6813 541.8588 64.0653 -58.0007 -272.3292 682.0023 0.0000 -146.8539 0.0000 0.0000 2158.9855 287.1485 -144.7181 -300.8948 264.2157 262.8033 -3048.4833 -3897.5062 -38.6141 -54.4244 -61.0091 -782.5961 4985.1883 -754.4770
963.0089 -152.9047 11.0563 0.0000 -406.7432 654.4740 -162.5674 -149.9498 0.0000 -1381.9734 34.4179 368.2487 -290.4418 446.6573 -58.2007 0.0000 0.0000 0.0000 0.0000 -81.0320 -379.9208 668.6940 30.5690 0.0000 0.0000 -68.7343 1188.6117 -766.1011
196.5918 -32.3547 3.5218 18.0572 -90.0538 84.4514 -63.6295 9.0065 4.6861 -0.0258 -4.4769 0.0000 0.0000 0.0000 8.3777 0.0000 17.4190 0.0000 0.0000 0.0000 0.0000 13.6626 0.0000 -3.7497 0.0000 0.0000 0.0000 0.0000
-8.1172 36.2562 1.7542 -21.6440 16.3687 -120.7924 82.5530 26.4948 -10.2865 -3.1599 2.9043 -0.7491 0.0000 0.0000 0.0000 0.0000 0.0000 0.0000 0.0000 0.0000 0.0000 -0.3221 0.0000 0.0000 0.0000 0.0000 0.0000 0.0000
305.2490 -12.9801 -9.8757 0.0000 55.8801 26.8116 0.0000 0.0000 0.0000 47.4615 0.0000 0.0000 0.0000 0.0000 -99.0072 -13.0393 -88.6846 0.0000 0.0000 0.0000 0.0000 66.5542 44.6785 0.0000 0.0000 0.0000 349.3167 -227.2803
32.9755 119.5394 -101.8488 38.0348 -127.8478 56.9761 0.0000 10.0456 0.0000 -147.6287 2.9427 56.2985 0.0000 0.0000 -1058.7934 -50.4095 0.0000 0.0000 0.0000 -57.4037 1733.3113 1563.3412 0.0000 8.5254 0.0000 236.4450 -3132.8309 960.5265
1244.9446 -58.1416 17.4992 -37.4140 21.3989 247.0389 72.9054 100.7889 -217.6007 547.8659 0.0000 -68.5704 0.0000 0.0000 1003.7419 10.8701 33.3852 0.0000 0.0000 109.0817 -1151.8972 -2172.1280 -34.2842 -105.2257 0.0000 -477.1160 1750.7154 132.0659
86.8022 8.4879 -11.1499 0.0000 35.0421 21.7036 0.0000 -11.7807 0.0000 23.4689 0.0000 0.0000 0.0000 0.0000 -45.5933 0.0000 0.0000 0.0000 0.0000 0.0000 0.0000 73.1852 0.0000 0.0000 0.0000 0.0000 86.4901 -26.9620
0.1220 0.0000 0.0000 0.0000 0.0000 0.0000 0.0000 0.0000 0.0000 0.0000 0.0000 0.0000 0.0000 0.0000 0.0000 0.0000 0.0000 0.0000 0.0000 0.0000 0.0000 0.0000 0.0000 0.0000 0.0000 0.0000 0.0000 0.0000
