# numpoly:1.0.6 names:q0,q1,q2,q3,q4 keys:;;;;;,;;;;<,;;;;=,;;;;>,;;;<;,;;;<<,;;;<=,;;;=;,;;;=<,;;;>;,;;<;;,;;<;<,;;<;=,;;<<;,;;<<<,;;=;;,;<;;;,;<;;<,;<;<;,;<;<<,;<<;;,;=;;;,<;;;;,<;;;<,<;;;=,<;;<;,<;;<<,<;<;;,<<;;;,=;;;; shape:9
# onwind solar H2 battery transmission offwind wind tsc gini
1153.3390 -77.0192 193.6865 0.0000 377.8945 -630.9936 54.4674 -339.2799 316.2368 13.1694 625.4831 -106.9536 -401.6348 -398.9557 702.0698 -453.9067 2293.6026 69.7498 277.3810 0.0000 414.9524 -4368.4974 -3812.9364 478.7959 29.2899 260.2672 -567.7289 116.1187 6856.9852 -2209.0906
312.0711 -191.9695 143.3876 -49.0005 -112.3819 204.5962 -182.6708 83.5276 0.0000 0.0000 -1957.5159 1023.1027 116.5728 835.3437 -1166.0229 1686.1799 251.7142 45.6318 -161.8308 0.0000 -304.1156 -39.1548 2158.4996 -1081.5414 0.0000 -672.8388 1085.2238 -2218.4054 461.4929 225.0803
201.0483 140.3366 -89.7538 6.7264 -561.2798 79.2238 0.0000 528.4545 0.0000 -159.7792 -50.3922 -27.4683 0.0000 92.8739 0.0000 0.0000 18.9753 0.0000 -35.7595 0.0000 0.0000 0.0000 71.1981 1.6228 0.0000 -175.8419 0.0000 0.0000 40.5044 0.0000
319.8475 -2147.1273 3917.1853 -2135.4085 879.8306 -1498.7045 783.9124 74.5829 -120.2949 0.0000 -15.9829 135.4559 0.0000 -93.0493 0.0000 51.2425 95.7257 -161.4556 -147.4894 179.3156 0.0000 0.0000 510.0893 -1178.2322 666.0719 62.3963 0.0000 -177.5126 0.0000 69.0520
334.5742 58.2363 -30.0780 0.0000 151.1277 -62.5734 0.0000 -19.3887 0.0000 0.0000 50.0902 18.8998 0.0000 -51.6436 0.0000 0.0000 132.1527 17.2755 -144.8390 0.0000 6.3535 0.0000 6.7146 27.4928 0.0000 184.9964 0.0000 0.0000 42.7007 -106.9637
1.7648 117.9812 -92.5508 21.5304 75.3799 30.6863 0.0000 -37.2741 -20.3859 0.0000 2.5111 -69.7366 50.9205 -95.9983 0.0000 0.0000 -1305.3622 -40.0217 -18.7073 0.0000 -75.9785 2490.7754 1376.8615 29.7361 0.0000 96.9069 0.0000 264.6676 -4159.1394 1414.7852
1143.9908 209.2258 -216.6569 80.1181 448.0671 -196.5746 32.9407 -602.3009 131.8330 160.7104 694.0478 -323.9264 -58.4628 -267.1265 377.8007 -496.2445 897.2874 12.4467 232.8353 0.0000 248.2866 -1715.6539 -2445.3136 433.7965 0.0000 252.3502 -407.0165 424.2964 2591.0201 -717.7900
87.1035 8.2293 -9.5002 0.0000 33.4925 19.4539 0.0000 -11.5634 0.0000 0.0000 26.7249 0.0000 0.0000 0.0000 0.0000 0.0000 -45.3883 0.0000 0.0000 0.0000 0.0000 0.0000 58.9083 0.0000 0.0000 0.0000 0.0000 0.0000 76.0030 -16.5162
0.5698 -0.0179 0.0000 0.0000 0.0354 0.0000 0.0000 0.0000 0.0000 0.0000 0.0228 0.0000 0.0000 0.0000 0.0000 0.0000 0.0210 0.0000 0.0000 0.0000 0.0000 0.0000 0.0086 0.0000 0.0000 0.0000 0.0000 0.0000 0.0000 0.0000
