# numpoly:1.0.6 names:q0,q1,q2,q3,q4 keys:;;;;;,;;;;<,;;;;=,;;;;>,;;;<;,;;;<<,;;;<=,;;;=;,;;;=<,;;;>;,;;<;;,;;<;<,;;<<;,;;<<<,;;=;;,;<;;;,;<;;<,;<;<;,;<;<<,;<<;;,;=;;;,<;;;;,<;;;<,<;;<;,<;;<<,<;;=;,<;<;;,<<;;;,<<;;<,=;;;;,=;;;< shape:9
# onwind solar H2 battery transmission offwind wind tsc gini
-75.2136 1365.2580 30.0590 -76.1938 198.4803 -953.7886 86.9234 -100.3809 281.8761 28.7813 506.9082 -466.8789 -327.1659 458.2156 0.0000 3481.6857 -1095.7583 138.4153 -44.8027 577.7710 -3804.1756 -2599.8927 -626.1056 558.9780 0.0000 -295.2055 -546.7855 4234.2717 1551.4958 -1352.2112 -393.2126
1780.9336 -979.8382 -101.7036 479.5445 430.0721 800.3182 -881.1053 -136.6286 0.0000 0.0000 -3274.4170 877.7465 -29.9210 -477.4954 1526.2793 328.1154 289.0715 -138.0818 222.7125 -430.3839 -842.4468 1807.0068 -451.0526 -319.1460 707.0702 0.0000 -883.1026 2307.4292 -578.9834 -933.6297 0.0000
181.4102 78.2085 33.4449 0.0000 -602.6981 95.0171 -56.3621 554.9144 0.0000 -161.5224 4.1010 11.4861 8.5253 0.0000 0.0000 50.2885 -18.6816 -6.5957 0.0000 0.0000 0.0000 121.3726 -58.3398 -129.9167 0.0000 0.0000 0.0000 0.0000 0.0000 0.0000 0.0000
268.7159 -1087.0241 1214.7177 -607.5708 118.5989 3.5553 296.8403 239.7461 -354.7057 0.0000 -114.9909 58.2076 0.0000 0.0000 0.0000 38.9774 18.5525 -68.7443 0.0000 0.0000 0.0000 239.6510 -120.6763 -54.8488 27.2206 0.0000 -29.4324 0.0000 0.0000 0.0000 0.0000
231.0624 43.9712 -12.0256 0.0000 51.1519 -68.7123 0.0000 -12.9433 0.0000 0.0000 29.9804 -18.6696 0.0000 0.0000 0.0000 34.1863 31.4155 0.0000 0.0000 0.0000 -80.2156 83.9086 38.1250 35.6154 0.0000 0.0000 0.0000 231.1133 0.0000 -213.9770 0.0000
213.3158 29.1808 -19.4014 0.0000 69.6062 -78.3736 41.2774 -8.4150 0.0000 0.0000 71.0175 -5.2920 11.8741 0.0000 -12.1115 -1492.7210 -56.0773 -32.7589 0.0000 -224.6888 2253.3233 1093.6418 81.8222 29.9201 0.0000 0.0000 221.5841 -3342.5201 0.0000 1236.3958 0.0000
781.6849 600.3453 -36.2471 -85.5787 157.2206 -843.4791 223.4985 -228.9906 182.3409 154.8584 443.1552 -306.0642 -147.5137 209.0268 0.0000 1177.0500 -55.5769 45.6517 0.0000 273.9341 -1356.6440 -2023.0252 -3.9096 788.2117 0.0000 -410.6238 -240.8674 1607.8682 172.2264 -268.8569 0.0000
90.8772 7.6858 -10.1291 0.0000 35.8893 21.5247 0.0000 -12.7547 0.0000 0.0000 23.1478 0.0000 0.0000 0.0000 0.0000 -46.0798 0.0000 0.0000 0.0000 0.0000 0.0000 64.9840 0.0000 0.0000 0.0000 0.0000 0.0000 86.9645 0.0000 -22.4786 0.0000
0.2289 0.0000 0.0000 0.0000 0.0000 0.0000 0.0000 0.0000 0.0000 0.0000 0.0000 0.0000 0.0000 0.0000 0.0000 0.0000 0.0000 0.0000 0.0000 0.0000 0.0000 0.0000 0.0000 0.0000 0.0000 0.0000 0.0000 0.0000 0.0000 0.0000 0.0000
