# numpoly:1.0.6 names:q0,q1,q2,q3,q4 keys:;;;;;,;;;;<,;;;;=,;;;;>,;;;<;,;;;<<,;;;<=,;;;=;,;;;=<,;;;>;,;;<;;,;;<;<,;;<;=,;;<<;,;;<<<,;;=;;,;;=;<,;;=<;,;<;;;,;<;;<,;<;;=,;<;<;,;<<;;,;=;;;,<;;;;,<;;;<,<;;;=,<;;<;,<;;<<,<;;=;,<;<;;,<;<;<,<<;;;,=;;;;,=;;;< shape:9
# onwind solar H2 battery transmission offwind wind tsc gini
1333.6312 -1240.9868 603.8541 0.0000 1019.4648 -646.9996 101.1688 -427.9543 39.1131 0.0000 974.3685 638.6284 -923.0198 -819.9681 699.2137 -691.4881 0.0000 202.6552 2472.4933 69.5133 0.0000 105.6346 589.4203 -4102.3864 -4936.6529 2114.6708 0.0000 -318.1722 -140.7349 275.5360 0.0000 0.0000 6573.0944 -1533.4118 -1165.5184
631.6197 399.6491 -534.8304 0.0000 -852.9869 194.0482 -134.4765 601.7991 -44.4864 0.0000 -2150.3257 360.0192 439.4497 880.4787 -854.8557 1439.6090 142.2995 0.0000 136.2305 -363.1830 292.8895 -156.5419 -152.5242 -70.4921 1961.2610 -518.6848 0.0000 81.0904 894.8417 -550.9735 -1934.3028 -398.3690 522.7862 171.5214 0.0000
175.2618 202.6454 -217.5382 78.6596 -589.3642 67.2329 0.0000 572.5909 0.0000 -171.0656 -41.5988 -10.8690 0.0000 75.7801 0.0000 0.0000 0.0000 0.0000 32.3527 7.3026 0.0000 -59.9435 0.0000 0.0000 96.5011 0.0000 0.0000 -183.7295 0.0000 0.0000 -1.4720 0.0000 41.7258 0.0000 0.0000
274.8195 -2773.7079 5320.6453 -2916.1568 1018.7709 -1858.1551 1019.3803 3.6671 0.0000 0.0000 40.0806 94.6830 0.0000 -71.1817 0.0000 14.9608 0.0000 0.0000 111.6887 -108.2621 0.0000 -9.3278 0.0000 0.0000 643.8331 -1530.4098 868.7759 76.7322 0.0000 0.0000 -165.8109 0.0000 0.0000 91.6224 0.0000
152.4407 51.9316 -38.3176 0.0000 165.2967 -31.9024 0.0000 -36.5536 0.0000 0.0000 58.6598 0.0000 0.0000 -75.1896 0.0000 0.0000 0.0000 0.0000 89.7716 0.0000 0.0000 -144.9196 28.0357 -0.7786 92.9072 32.5807 0.0000 206.2348 0.0000 0.0000 29.0399 0.0000 78.2768 -220.3013 0.0000
39.4063 191.1378 -120.0102 0.8824 26.8937 -6.2696 0.0000 -25.2899 0.0000 0.0000 78.8579 -211.2965 138.6590 -79.7098 0.0000 0.0000 0.0000 0.0000 -1288.2876 -25.1670 0.0000 31.4917 -230.0748 2348.3105 1294.6292 26.3522 0.0000 96.7885 0.0000 0.0000 342.9453 0.0000 -4033.2559 1508.2026 0.0000
1099.4098 -134.4177 180.7033 18.1910 605.5393 -201.8297 52.9061 -573.9249 0.0000 168.1906 827.6793 241.5135 -428.1265 -359.8834 323.7102 -492.5357 0.0000 0.0000 1064.6238 34.4587 0.0000 159.4943 244.1031 -1585.7954 -2575.2912 211.2459 0.0000 174.7449 -162.3097 0.0000 315.9690 0.0000 2437.7308 -677.0383 0.0000
85.2077 7.0764 -10.3036 0.0000 35.3288 21.9345 0.0000 -13.1790 0.0000 0.0000 21.7411 0.0000 0.0000 0.0000 0.0000 0.0000 0.0000 0.0000 -41.2270 0.0000 0.0000 0.0000 0.0000 0.0000 65.0005 0.0000 0.0000 0.0000 0.0000 0.0000 0.0000 0.0000 80.2435 -21.2652 0.0000
0.2691 0.0000 0.0000 0.0000 0.0000 0.0000 0.0000 0.0000 0.0000 0.0000 0.0000 0.0000 0.0000 0.0000 0.0000 0.0000 0.0000 0.0000 0.0000 0.0000 0.0000 0.0000 0.0000 0.0000 0.0000 0.0000 0.0000 0.0000 0.0000 0.0000 0.0000 0.0000 0.0000 0.0000 0.0000
