# numpoly:1.0.6 names:q0,q1,q2,q3,q4 keys:;;;;;,;;;;<,;;;;=,;;;;>,;;;<;,;;;<<,;;;<=,;;;=;,;;;=<,;;;>;,;;<;;,;;<;<,;;<;=,;;<<;,;;<<<,;;=;;,;<;;;,;<;;<,;<;<;,;<;<<,;<<;;,;=;;;,<;;;;,<;;;<,<;;;=,<;;<;,<;;<<,<;<;;,<<;;;,=;;;; shape:9
# onwind solar H2 battery transmission offwind wind tsc gini
1112.7378 -14.5055 193.6865 0.0000 338.9235 -630.9936 54.4674 -339.2799 316.2368 13.1694 819.9981 -106.9536 -401.6348 -398.9557 702.0698 -453.9067 2739.3450 69.7498 277.3810 0.0000 414.9524 -4368.4974 -4402.7646 478.7959 29.2899 260.2672 -567.7289 116.1187 6856.9852 -2209.0906
459.0421 -286.7438 143.3876 -49.0005 -54.4476 204.5962 -182.6708 83.5276 0.0000 0.0000 -2327.1046 1023.1027 116.5728 835.3437 -1166.0229 1686.1799 147.6654 45.6318 -161.8308 0.0000 -304.1156 -39.1548 2422.5449 -1081.5414 0.0000 -672.8388 1085.2238 -2218.4054 461.4929 225.0803
200.0934 145.1784 -89.7538 6.7264 -589.1115 79.2238 0.0000 528.4545 0.0000 -159.7792 -45.8213 -27.4683 0.0000 92.8739 0.0000 0.0000 21.5455 0.0000 -35.7595 0.0000 0.0000 0.0000 92.3821 1.6228 0.0000 -175.8419 0.0000 0.0000 40.5044 0.0000
142.6791 -2033.9156 3917.1853 -2135.4085 924.0694 -1498.7045 783.9124 74.5829 -120.2949 0.0000 -22.3813 135.4559 0.0000 -93.0493 0.0000 51.2425 145.5967 -161.4556 -147.4894 179.3156 0.0000 0.0000 530.4929 -1178.2322 666.0719 62.3963 0.0000 -177.5126 0.0000 69.0520
187.0925 32.3430 -30.0780 0.0000 151.6240 -62.5734 0.0000 -19.3887 0.0000 0.0000 70.3608 18.8998 0.0000 -51.6436 0.0000 0.0000 130.7549 17.2755 -144.8390 0.0000 6.3535 0.0000 -19.7932 27.4928 0.0000 184.9964 0.0000 0.0000 42.7007 -106.9637
55.9047 100.2810 -92.5508 21.5304 97.7594 30.6863 0.0000 -37.2741 -20.3859 0.0000 -38.5956 -69.7366 50.9205 -95.9983 0.0000 0.0000 -1527.7548 -40.0217 -18.7073 0.0000 -75.9785 2490.7754 1620.1345 29.7361 0.0000 96.9069 0.0000 264.6676 -4159.1394 1414.7852
1157.0484 252.7040 -216.6569 80.1181 433.7722 -196.5746 32.9407 -602.3009 131.8330 160.7104 840.7954 -323.9264 -58.4628 -267.1265 377.8007 -496.2445 1125.9843 12.4467 232.8353 0.0000 248.2866 -1715.6539 -2791.6919 433.7965 0.0000 252.3502 -407.0165 424.2964 2591.0201 -717.7900
85.2979 7.6691 -9.5002 0.0000 34.1939 19.4539 0.0000 -11.5634 0.0000 0.0000 21.6146 0.0000 0.0000 0.0000 0.0000 0.0000 -38.0292 0.0000 0.0000 0.0000 0.0000 0.0000 59.4649 0.0000 0.0000 0.0000 0.0000 0.0000 76.0030 -16.5162
0.2615 0.0000 0.0000 0.0000 0.0000 0.0000 0.0000 0.0000 0.0000 0.0000 0.0000 0.0000 0.0000 0.0000 0.0000 0.0000 0.0000 0.0000 0.0000 0.0000 0.0000 0.0000 0.0000 0.0000 0.0000 0.0000 0.0000 0.0000 0.0000 0.0000
