# numpoly:1.0.6 names:q0,q1,q2,q3,q4 keys:;;;;;,;;;;<,;;;;=,;;;;>,;;;<;,;;;<<,;;;<=,;;;=;,;;;=<,;;;>;,;;<;;,;;<;<,;;<;=,;;<<;,;;<=;,;;=;;,;;=;<,;<;;;,;<;;<,;<;;=,;<;<;,;<;<<,;<;=;,;<<;;,;<<;<,;<<<;,;=;;;,;=;;<,<;;;;,<;;;<,<;;;=,<;;<;,<;;<<,<;<;;,<;<;<,<;<<;,<;=;;,<<;;;,<<;;<,<=;;;,=;;;;,=;;;<,=;<;;,=<;;;,>;;;; shape:9
# onwind solar H2 battery transmission offwind wind tsc gini
1741.7048 -255.4370 -181.2713 121.4217 33.2881 467.0666 -217.0313 -131.0812 0.0000 0.0000 191.4709 350.7705 12.0574 -65.4791 0.0000 -145.7202 0.0000 1813.7369 -1.2862 0.0000 120.5132 0.0000 0.0000 0.1492 0.0000 0.0000 -2519.3327 0.0000 -2779.2212 222.4033 0.0000 -79.4480 67.0249 404.1903 -439.5263 0.0000 0.0000 3610.0851 0.0000 0.0000 -950.2305 0.0000 0.0000 0.0000 0.0000
-6487.3291 7270.3965 -382.6627 543.4161 -1440.6295 -906.3533 -892.2777 2471.2004 432.1926 0.0000 9497.5982 -4912.9311 0.0000 -641.4240 -805.5321 -3230.5517 -244.5815 -3009.3776 -7654.2401 0.0000 613.6345 1345.1116 -2011.6879 -3694.6053 4115.6411 2077.0908 7899.3823 990.7932 13388.4811 -3805.8801 325.6661 -264.4588 0.0000 -11820.0107 2277.0045 0.0000 5780.2415 2713.1692 1829.9019 -12851.3591 -9157.6752 -70.8916 0.0000 11131.2990 0.0000
211.3053 94.7060 -226.9486 178.9106 -285.5532 234.6281 -207.0399 49.8608 0.0000 0.0000 10.7528 -18.1954 0.0000 15.5763 0.0000 0.0000 0.0000 -49.9623 -24.5581 0.0000 83.8666 0.0000 0.0000 0.0000 0.0000 0.0000 0.0000 0.0000 -0.6574 94.9639 0.0000 -58.4273 0.0000 0.0000 0.0000 0.0000 0.0000 0.0000 0.0000 0.0000 0.0000 0.0000 0.0000 0.0000 0.0000
-111.5324 -520.9395 1665.5785 -1234.3264 734.9852 -1751.2023 1478.3500 135.8780 -301.2639 34.3987 -55.2098 50.0692 0.0000 -54.8105 0.0000 11.9295 0.0000 113.4773 11.9234 0.0000 -190.2831 0.0000 0.0000 0.0000 0.0000 0.0000 0.0000 0.0000 101.3181 -175.6447 0.0000 108.7727 9.1770 0.0000 0.0000 0.0000 0.0000 0.0000 0.0000 0.0000 0.0000 0.0000 0.0000 0.0000 0.0000
193.5215 138.4758 28.9799 0.0000 -5.2548 -178.2249 0.0000 138.8021 -13.2289 0.0000 -341.8112 -11.7191 0.0000 0.0000 0.0000 235.1713 0.0000 -36.2874 99.2407 0.0000 0.0000 0.0000 0.0000 7.0799 0.0000 0.0000 -9.5921 0.0000 481.3138 -282.3720 0.0000 -146.3712 236.0826 0.0000 0.0000 0.0000 0.0000 -178.0591 0.0000 0.0000 71.6426 0.0000 0.0000 0.0000 0.0000
51.7409 -24.4210 12.6116 0.0000 8.8776 -11.1066 0.0000 -1.7294 0.0000 0.0000 -12.6694 20.2807 0.0000 0.0000 0.0000 0.0000 0.0000 -179.0556 0.0000 0.0000 0.0000 0.0000 0.0000 0.0000 0.0000 0.0000 319.3244 0.0000 88.4062 0.0000 0.0000 3.4950 0.0000 0.0000 0.0000 0.0000 0.0000 -494.2163 0.0000 0.0000 219.6854 0.0000 0.0000 0.0000 0.0000
5795.9863 -13986.0247 2570.9471 -1736.9275 7659.5945 2779.1421 1302.3503 -9045.9034 -687.1952 0.0000 -6866.0772 8041.9518 -832.8097 3062.4573 1066.9261 105.9965 291.9289 15638.8264 17675.0992 -185.6682 -4774.2379 -3546.9852 9050.3735 8395.9935 -6583.8400 -7282.4411 -29603.3296 -3031.6499 -20708.5375 1696.3016 130.5070 -1974.3113 0.0000 4815.6598 -1907.6804 2208.9844 -2646.7997 2997.1243 -5080.5451 41281.9396 18847.6285 2426.6432 -908.3831 -42323.6493 6817.4747
40.4286 16.7713 -19.7893 0.0000 58.3433 23.5421 0.0000 -30.1107 0.0000 0.0000 22.4223 0.0000 0.0000 0.0000 0.0000 0.0000 0.0000 35.3222 0.0000 0.0000 0.0000 0.0000 0.0000 0.0000 0.0000 0.0000 0.0000 0.0000 83.9905 0.0000 0.0000 0.0000 0.0000 0.0000 0.0000 0.0000 0.0000 0.0000 0.0000 0.0000 0.0000 0.0000 0.0000 0.0000 0.0000
0.1913 0.0000 0.0000 0.0000 0.0000 0.0000 0.0000 0.0000 0.0000 0.0000 0.0000 0.0000 0.0000 0.0000 0.0000 0.0000 0.0000 0.0000 0.0000 0.0000 0.0000 0.0000 0.0000 0.0000 0.0000 0.0000 0.0000 0.0000 0.0000 0.0000 0.0000 0.0000 0.0000 0.0000 0.0000 0.0000 0.0000 0.0000 0.0000 0.0000 0.0000 0.0000 0.0000 0.0000 0.0000
