# numpoly:1.0.6 names:q0,q1,q2,q3,q4 keys:;;;;;,;;;;<,;;;;=,;;;;>,;;;<;,;;;<<,;;;<=,;;;=;,;;;=<,;;;>;,;;<;;,;;<;<,;;<;=,;;<<;,;;<<<,;;<=;,;;=;;,;;=<;,;<;;;,;<;;<,;<;;=,;<;<;,;<;<<,;<;=;,;<<;;,;<<;<,;<<<;,;=;;;,;=;;<,<;;;;,<;;;<,<;;;=,<;;<;,<;;<<,<;;=;,<;<;;,<;<;<,<<;;;,<<;;<,<=;;;,=;;;;,=;;;<,=;;<;,=;<;;,=<;;; shape:9
# onwind solar H2 battery transmission offwind wind tsc gini
1662.4638 104.4180 -204.3693 127.0641 -41.2008 521.6901 -224.0809 -134.4434 0.0000 0.0000 414.8695 -63.4518 51.1708 -65.8797 0.0000 0.0000 -127.0349 0.0000 1329.2987 0.0000 0.0000 95.7314 0.0000 0.0000 0.1027 0.0000 0.0000 -2231.1677 0.0000 -2427.4116 -83.5662 0.0000 -15.5992 0.0000 0.0000 88.1153 0.0000 3386.4681 0.0000 0.0000 -817.9554 0.0000 0.0000 0.0000 0.0000
806.2011 1716.1186 220.5640 243.3807 -2894.4274 -2827.6160 615.8656 3157.5727 1042.8163 -672.8594 -2734.1738 436.3641 -976.2125 752.0797 0.0000 396.2475 1781.1827 -732.8007 4466.1241 -3458.6596 0.0000 -903.8961 1730.5183 -109.4677 -14.3091 23.0792 0.0000 -2549.9971 1509.7398 -2264.4325 230.4307 0.0000 4673.9610 -1373.3926 -3042.5482 -936.1543 786.4521 763.1979 0.0000 0.0000 795.3525 0.0000 -186.1730 0.0000 0.0000
96.8316 151.4709 -283.9627 202.2030 -199.4629 233.1483 -199.3513 27.4120 0.0000 0.0000 48.9028 -21.6981 0.0000 4.9580 0.0000 0.0000 0.0000 0.0000 42.9140 0.0000 0.0000 0.0000 0.0000 0.0000 0.0000 0.0000 0.0000 0.0000 0.0000 -26.6785 77.5881 0.0000 -24.7138 0.0000 0.0000 -30.4769 0.0000 9.5010 0.0000 0.0000 0.0000 0.0000 0.0000 0.0000 0.0000
64.2989 -107.3452 1155.8324 -1114.4196 507.4702 -1872.9201 1631.2470 292.9297 -341.4963 0.0000 -101.8195 0.0000 0.0000 -21.0973 0.0000 0.0000 0.0000 0.0000 -27.7984 12.7181 0.0000 -63.2605 0.0000 0.0000 0.0000 0.0000 0.0000 0.0000 0.0000 184.0773 -444.7051 191.1976 137.1471 0.0000 -57.5121 0.0000 0.0000 3.2815 0.0000 0.0000 -15.4662 0.0000 0.0000 0.0000 0.0000
899.5013 143.8562 -110.0516 0.0000 -659.5155 -284.3401 216.4080 673.0501 0.0000 0.0000 -259.2307 -118.2332 0.0000 -31.4859 0.0000 0.0000 255.9879 0.0000 -20.5433 202.5222 0.0000 -13.3851 16.0404 0.0000 0.0000 0.0000 0.0000 -28.9800 0.0000 -509.3095 -117.5530 0.0000 802.4662 0.0000 -657.7716 -37.9154 0.0000 -2.4134 0.0000 0.0000 255.4037 0.0000 0.0000 0.0000 0.0000
-26.6072 -1.2151 5.4543 0.0000 10.9849 0.0000 0.0000 0.0000 0.0000 0.0000 6.9640 2.9072 0.0000 0.0000 0.0000 0.0000 0.0000 0.0000 -111.7683 -17.6759 0.0000 -40.0978 0.0000 0.0000 0.0000 0.0000 0.0000 397.5090 0.0000 149.1190 0.0000 0.0000 41.3073 0.0000 0.0000 0.0000 0.0000 -664.4958 0.0000 0.0000 241.7613 0.0000 0.0000 0.0000 0.0000
-1148.7588 -9672.2753 1782.5546 -831.2940 14891.0025 3745.5540 -1487.5154 -9521.6804 -1725.8511 677.8166 2690.1562 2989.4086 580.0443 -4504.4878 805.6809 -1657.9005 -4616.9229 3596.4290 -418.8177 12753.9953 -540.2940 -1738.0628 -3721.1370 2861.0422 1930.1508 -3308.1518 381.9226 -2252.1206 -3821.5302 110.2905 1922.4199 418.3427 -17166.0409 4146.3849 9525.4276 6413.5090 -898.9705 -6730.3775 -1189.3739 8227.7275 6433.9114 -2053.6482 1193.4060 -3506.6750 -4680.4505
15.2591 23.4528 -21.1880 0.0000 25.5795 27.3253 0.0000 -10.3801 0.0000 0.0000 27.0573 1.3594 0.0000 0.0000 0.0000 0.0000 0.0000 0.0000 19.2779 -11.0829 0.0000 0.0000 0.0000 0.0000 0.0000 0.0000 0.0000 0.0000 0.0000 163.4141 0.0000 0.0000 2.1868 0.0000 0.0000 0.0000 0.0000 0.0000 0.0000 0.0000 -41.6885 0.0000 0.0000 0.0000 0.0000
0.5779 -0.0147 0.0000 0.0000 0.0416 0.0000 0.0000 0.0000 0.0000 0.0000 0.0324 0.0000 0.0000 0.0000 0.0000 0.0000 0.0000 0.0000 -0.0021 0.0000 0.0000 0.0000 0.0000 0.0000 0.0000 0.0000 0.0000 0.0000 0.0000 0.0041 0.0000 0.0000 0.0000 0.0000 0.0000 0.0000 0.0000 0.0000 0.0000 0.0000 0.0000 0.0000 0.0000 0.0000 0.0000
