# numpoly:1.0.6 names:q0,q1,q2,q3,q4 keys:;;;;;,;;;;<,;;;;=,;;;;>,;;;<;,;;;<<,;;;<=,;;;=;,;;;=<,;;<;;,;;<;<,;;<;=,;;<<;,;;=;;,;<;;;,;<;;<,;<;<;,;<<;;,;=;;;,<;;;;,<;;;<,<;;;=,<;;<;,<;;<<,<;<;;,<;<;<,<<;;;,<=;;;,=;;;;,=<;;; shape:9
# onwind solar H2 battery transmission offwind wind tsc gini
1383.5817 -312.0424 -234.2479 143.1706 13.6843 478.7699 -171.1302 -146.5779 0.0000 262.6937 377.0419 0.0000 -59.8010 -198.0604 2303.2993 -31.5410 134.8003 58.1739 -3040.3296 -2453.6586 334.2530 0.0000 -44.5306 0.0000 344.5283 -451.5471 4035.1500 -66.6265 -1763.3828 405.9204
157.3846 -248.9081 305.5264 -149.9436 127.4756 -301.7948 88.0126 129.5452 0.0000 -506.0854 284.5248 -155.4130 110.9763 139.0791 8.7354 68.5232 0.0000 0.0000 0.0000 860.5080 -219.0476 168.5575 -262.4519 0.0000 -263.8673 0.0000 -157.7541 0.0000 31.2267 0.0000
122.3490 164.0536 -211.2531 150.3754 -106.1785 41.7624 -153.4983 -20.7632 78.2455 16.9403 -20.5359 0.0000 8.0760 0.0000 12.8319 0.0000 0.0000 0.0000 0.0000 -29.1987 53.4560 0.0000 -11.3619 0.0000 0.0000 0.0000 0.0000 0.0000 0.0000 0.0000
-15.2117 -350.3974 1315.1236 -1110.7170 491.7826 -1650.2296 1579.6012 273.9777 -435.5676 -29.6363 13.7213 0.0000 -56.9042 0.0000 -7.1448 0.0000 -13.7634 39.5924 0.0000 61.6647 -80.9683 0.0000 38.4323 0.0000 0.0000 0.0000 0.0000 0.0000 0.0000 0.0000
160.3859 7.6622 94.1754 -65.6365 -70.6883 -46.6857 0.0000 124.2079 0.0000 70.1534 6.0997 0.0000 -15.3909 1.1089 -73.4890 60.5615 -6.7343 0.0000 0.0000 283.5008 -112.0249 0.0000 -40.5635 65.4250 -36.3119 0.0000 0.0000 0.0000 0.0000 0.0000
154.9060 10.9497 6.5222 0.0000 4.7842 -8.0478 0.0000 0.0000 0.0000 -1.5947 0.0000 0.0000 0.0000 0.0000 -773.3820 0.0000 -27.8640 0.0000 1227.4756 468.6543 0.0000 0.0000 41.3208 0.0000 0.0000 0.0000 -1872.7583 0.0000 788.0694 0.0000
1640.4092 -44.9491 -173.0407 144.2851 12.4477 565.5596 -249.5056 -141.6183 0.0000 476.6853 0.0000 0.0000 -65.8142 -164.0360 1198.9583 -42.8516 79.3888 23.5411 -1706.6786 -2333.5585 -41.1742 0.0000 0.0000 0.0000 57.3556 0.0000 2634.2903 0.0000 -548.0118 0.0000
84.6918 7.3568 -10.2797 0.0000 35.6267 21.8815 0.0000 -12.9999 0.0000 22.3880 0.0000 0.0000 0.0000 0.0000 -47.7980 0.0000 0.0000 0.0000 0.0000 77.0676 0.0000 0.0000 0.0000 0.0000 0.0000 0.0000 89.1733 0.0000 -32.0312 0.0000
0.2058 0.0000 0.0000 0.0000 0.0000 0.0000 0.0000 0.0000 0.0000 0.0000 0.0000 0.0000 0.0000 0.0000 0.0000 0.0000 0.0000 0.0000 0.0000 0.0000 0.0000 0.0000 0.0000 0.0000 0.0000 0.0000 0.0000 0.0000 0.0000 0.0000
