# numpoly:1.0.6 names:q0,q1,q2,q3,q4 keys:;;;;;,;;;;<,;;;;=,;;;;>,;;;<;,;;;<<,;;;<=,;;;=;,;;;=<,;;<;;,;;<;<,;;<;=,;;<<;,;;<<<,;;=;;,;<;;;,;<;;<,;<;<;,;<<;;,;=;;;,<;;;;,<;;;<,<;;<;,<;<;;,<<;;;,=;;;;,=<;;; shape:9
# onwind solar H2 battery transmission offwind wind tsc gini
2717.1666 -743.6804 327.2740 0.0000 -232.5101 656.4371 59.7415 -87.3727 0.0000 -165.0666 894.8412 -514.1490 400.8061 -679.3326 0.0000 -61.9739 44.2266 -136.9995 207.4601 -720.1828 -6051.3674 1.7883 58.9068 -208.4353 4903.4069 2889.5450 -2803.9395
204.2250 -228.0936 361.9228 -212.1299 311.3633 -522.3326 242.0193 100.7316 0.0000 -498.0636 88.9783 0.0000 0.0000 0.0000 92.6442 366.7836 40.7957 -199.6617 0.0000 0.0000 75.4276 0.0000 47.4360 -58.9467 0.0000 0.0000 0.0000
106.5757 106.5519 23.8535 3.3943 -112.1012 -157.4852 -48.4592 27.1164 107.5301 43.9030 -14.3965 0.0000 0.0000 0.0000 0.0000 13.7413 0.0000 0.0000 0.0000 0.0000 -20.1837 13.1009 -1.3676 0.0000 0.0000 0.0000 0.0000
89.2479 -133.6037 156.9349 -246.0921 117.9620 -398.1065 606.0231 151.8729 -296.7423 -57.3952 72.7628 0.0000 -48.0911 0.0000 0.0000 41.4000 0.0000 -13.2032 0.0000 0.0000 22.2328 -42.0712 34.5941 -1.9774 -60.7844 26.4259 0.0000
440.9080 -95.7453 179.0408 -101.4080 37.4322 34.8607 0.0000 44.8196 -24.5208 18.9347 0.0000 0.0000 0.0000 0.0000 0.0000 60.7849 0.0000 -98.0894 0.0000 0.0000 -61.2127 -6.7138 72.8364 -16.9026 84.8886 -6.3438 0.0000
393.1846 127.4460 -147.6474 45.9607 -60.0640 214.9228 -182.4286 -7.5378 0.0000 48.6263 -203.7593 197.5768 -48.8113 65.6550 -28.8150 -1186.3445 -21.9991 80.0958 -36.1803 533.1883 892.0284 -9.5448 -21.0638 153.1996 -518.8549 0.0000 0.0000
1302.6322 145.2544 -229.7820 85.3664 42.4693 283.9453 0.0000 -103.8531 0.0000 256.3382 -24.8314 -16.9706 10.9339 -96.7759 -46.0930 343.7660 0.0000 -28.2675 99.3557 -7.3155 -1231.8482 0.0000 15.5570 0.0000 -204.3371 467.1587 0.0000
92.4743 8.0037 -10.0595 0.0000 34.5298 21.6181 0.0000 -12.2886 0.0000 27.4766 0.0000 0.0000 0.0000 0.0000 0.0000 -58.4863 0.0000 0.0000 0.0000 0.0000 73.3145 0.0000 0.0000 0.0000 92.3659 -30.7349 0.0000
0.5333 0.0109 0.0000 0.0000 0.0040 0.0000 0.0000 0.0000 0.0000 0.0275 0.0000 0.0000 0.0000 0.0000 0.0000 -0.0383 0.0000 0.0000 0.0000 0.0000 0.0978 0.0000 0.0000 0.0000 0.0000 0.0000 0.0000
