# numpoly:1.0.6 names:q0,q1,q2,q3,q4 keys:;;;;;,;;;;<,;;;;=,;;;;>,;;;<;,;;;<<,;;;<=,;;;=;,;;;=<,;;<;;,;;<;<,;;<;=,;;<<;,;;=;;,;;=;<,;<;;;,;<;;<,;<;;=,;<;<;,;<;<<,;<<;;,;<<;<,;=;;;,<;;;;,<;;;<,<;;;=,<;;<;,<;;<<,<;<;;,<<;;;,<<;;<,<<;<;,<<<;;,<=;;;,=;;;;,=;;;<,=<;;; shape:9
# onwind solar H2 battery transmission offwind wind tsc gini
5887.1589 -214.7790 201.4561 0.0000 -857.3960 -158.8086 0.0000 -71.7036 0.0000 -13.7678 -149.4147 0.0000 -42.4499 -123.1123 0.0000 11882.0292 179.9965 -295.9366 812.9410 505.4954 631.3016 0.0000 -17237.2306 -31615.5851 280.0130 0.0000 1600.0563 -293.2538 -146.6776 12255.8260 0.0000 -1553.4829 0.0000 20643.3899 27392.3389 0.0000 -29288.9091
1739.4881 -1464.0765 1037.0759 -400.8915 -310.1013 16.3986 354.3141 455.9811 -503.2782 -2082.5612 1963.9015 -742.0357 36.8002 1332.8710 -613.3318 -411.1565 -215.1224 354.6626 -161.4019 0.0000 -977.6500 365.0660 -783.9122 -612.2767 27.3840 0.0000 102.4001 0.0000 92.5018 4504.8667 -905.7645 0.0000 -508.6163 0.0000 -1731.5597 366.7728 0.0000
162.0093 144.9279 -143.0870 91.2169 -265.3127 62.1787 -105.1173 128.8149 0.0000 23.0373 -34.6700 0.0000 10.7925 0.0000 0.0000 7.4769 94.4525 0.0000 -74.2486 0.0000 0.0000 0.0000 0.0000 1.8244 -17.6524 0.0000 0.0000 0.0000 0.0000 0.0000 0.0000 0.0000 0.0000 0.0000 0.0000 0.0000 0.0000
650.5920 -1085.2038 1292.2377 -1071.8780 406.0801 -1130.9364 1031.1850 85.9721 -205.5249 -71.5067 322.5646 -139.7080 -62.0726 5.0941 0.0000 -810.8610 5.4530 703.9593 570.1496 -516.2297 0.0000 0.0000 0.0000 -569.7105 901.8172 -156.6508 -364.2748 408.2914 -91.1198 1095.3961 -1041.2495 0.0000 0.0000 0.0000 -85.7651 0.0000 0.0000
336.2238 5.3646 -38.4916 69.3974 182.4173 -2.8928 -131.4221 -44.5496 116.0645 46.2656 34.2813 0.0000 -41.9764 0.0000 0.0000 93.8798 -74.9142 0.0000 1.1103 0.0000 0.0000 0.0000 -297.2024 -400.2353 38.0905 0.0000 0.0000 0.0000 0.0000 697.5620 0.0000 0.0000 0.0000 0.0000 -154.3630 0.0000 0.0000
-3963.8149 72.4000 -316.7255 136.5245 -145.8908 437.6128 -117.5718 -19.5693 0.0000 -35.5472 -69.6852 56.1977 -11.6547 0.0000 0.0000 3053.9780 262.1661 45.5075 348.4595 -510.3586 -106.9580 0.0000 986.3805 13071.8787 -237.2315 0.0000 -200.9270 329.9165 274.7546 -13840.1112 0.0000 0.0000 0.0000 0.0000 -6551.5089 0.0000 7558.6841
4469.7864 102.9686 -200.2605 45.0856 146.0763 215.2215 -55.6616 -108.3131 0.0000 328.4967 -231.3332 61.3666 -50.8907 -227.4766 0.0000 -1347.6584 120.8046 0.0000 -122.0349 0.0000 414.5622 0.0000 -1286.7800 -12719.7033 39.9209 0.0000 72.8853 0.0000 0.0000 7347.9696 0.0000 0.0000 0.0000 3052.0585 10307.7738 0.0000 -9664.3714
91.9047 7.5673 -11.3042 0.0000 34.3270 23.5276 0.0000 -12.3514 0.0000 23.4110 0.0000 0.0000 0.0000 0.0000 0.0000 -50.0717 0.0000 0.0000 0.0000 0.0000 0.0000 0.0000 0.0000 67.2949 0.0000 0.0000 0.0000 0.0000 0.0000 92.7519 0.0000 0.0000 0.0000 0.0000 -27.1897 0.0000 0.0000
0.1075 0.0000 0.0000 0.0000 0.0000 0.0000 0.0000 0.0000 0.0000 0.0000 0.0000 0.0000 0.0000 0.0000 0.0000 0.0000 0.0000 0.0000 0.0000 0.0000 0.0000 0.0000 0.0000 0.0000 0.0000 0.0000 0.0000 0.0000 0.0000 0.0000 0.0000 0.0000 0.0000 0.0000 0.0000 0.0000 0.0000
