# numpoly:1.0.6 names:q0,q1,q2,q3,q4 keys:;;;;;,;;;;<,;;;;=,;;;;>,;;;<;,;;;<<,;;;<=,;;;=;,;;;=<,;;<;;,;;<;<,;;<;=,;;<<;,;;<<<,;;=;;,;;=;<,;<;;;,;<;;<,;<;<;,;<;<<,;<<;;,;=;;;,<;;;;,<;;;<,<;;;=,<;;<;,<;;<<,<;;=;,<;<;;,<;<;<,<;<<;,<<;;;,<<;;<,<<;<;,<=;;;,=;;;;,=;;<;,=<;;; shape:9
# onwind solar H2 battery transmission offwind wind tsc gini
5509.9009 -351.3162 492.1029 -279.9934 -555.6402 -508.6589 319.5852 -331.7612 452.1472 -204.0836 805.8869 -522.2626 -52.9601 0.0000 278.5446 -310.3147 5539.8337 67.2481 823.1769 0.0000 674.1292 -11171.8480 -22564.8380 -289.5234 244.6663 1630.3898 -740.1745 0.0000 -1056.7067 388.9093 -19.0035 11441.0944 173.8381 -1188.3418 13119.5034 18379.1682 40.5667 -19864.2646
1195.2055 -482.1038 -102.6318 372.2870 135.9961 715.8249 -643.4546 -72.8188 0.0000 -2279.4851 670.4389 0.0000 -0.2094 -364.5587 1190.2254 0.0000 503.4659 -91.9046 -79.7493 128.6279 -391.9040 -729.5752 1469.8677 -641.1386 0.0000 -146.8360 379.8676 0.0000 -767.8104 0.0000 0.0000 1521.7602 0.0000 0.0000 0.0000 -694.1077 0.0000 0.0000
379.9391 -85.8146 -23.1480 0.0000 -658.3682 448.5295 0.0000 400.6265 -208.9775 -32.8299 96.2145 0.0000 -18.4264 0.0000 0.0000 0.0000 -114.4861 0.0000 -176.1271 0.0000 0.0000 310.6255 76.1504 -147.8452 0.0000 140.1756 0.0000 -98.0935 -34.2242 0.0000 0.0000 -336.5450 0.0000 0.0000 0.0000 188.4731 0.0000 0.0000
41.4011 -757.0638 1889.5591 -1302.8297 548.0876 -1454.3801 971.8512 154.3026 0.0000 66.8176 -749.3039 510.9619 111.5514 0.0000 3.4285 0.0000 141.3677 -61.1843 -77.2756 0.0000 -29.3643 0.0000 242.5253 136.0794 -72.5327 -214.0246 0.0000 0.0000 0.0000 0.0000 0.0000 -3.6798 0.0000 0.0000 0.0000 0.0000 0.0000 0.0000
318.3578 76.8925 -69.9526 70.2155 76.7402 81.9292 -153.5135 29.5104 0.0000 15.0899 -26.0272 0.0000 75.7740 0.0000 0.0000 0.0000 422.0602 39.8613 -239.5975 0.0000 0.0000 0.0000 -152.2064 22.5236 0.0000 93.6672 0.0000 0.0000 -12.8898 0.0000 0.0000 -206.4797 0.0000 0.0000 0.0000 114.7795 0.0000 0.0000
-4335.9283 447.8434 -431.6420 194.7407 150.1089 38.8990 -107.8316 -111.5381 0.0000 310.3016 -237.5263 133.7619 7.6496 6.2621 -188.1360 0.0000 2918.9889 -110.9464 165.7773 0.0000 -305.1081 1488.6831 12179.4333 74.1254 0.0000 -363.4161 88.1544 72.4917 556.7552 0.0000 0.0000 -11556.1394 0.0000 137.0846 -1635.6496 -7581.9363 0.0000 8267.3094
1064.5129 108.8705 -184.4243 -16.2311 108.3286 -201.4093 179.5340 -246.9136 235.8790 228.1795 -0.4959 -84.1077 -39.0235 0.0000 -15.3520 0.0000 257.7834 114.0186 52.5415 0.0000 291.9430 0.0000 -1856.7266 313.8203 124.9175 466.4014 -570.1919 0.0000 -262.4396 0.0000 0.0000 -124.4797 0.0000 0.0000 0.0000 698.5589 0.0000 0.0000
88.5384 8.3117 -10.8886 0.0000 35.6796 22.4345 0.0000 -13.3951 0.0000 27.8623 0.0000 0.0000 0.0000 0.0000 0.0000 0.0000 -48.4616 0.0000 0.0000 0.0000 0.0000 0.0000 70.5671 0.0000 0.0000 0.0000 0.0000 0.0000 0.0000 0.0000 0.0000 80.0329 0.0000 0.0000 0.0000 -22.6430 0.0000 0.0000
0.5897 -0.0182 0.0000 0.0000 0.0009 0.0000 0.0000 0.0000 0.0000 0.0388 0.0000 0.0000 0.0000 0.0000 0.0000 0.0000 0.0206 0.0000 0.0000 0.0000 0.0000 0.0000 -0.0259 0.0000 0.0000 0.0000 0.0000 0.0000 0.0000 0.0000 0.0000 0.0000 0.0000 0.0000 0.0000 0.0000 0.0000 0.0000
