# numpoly:1.0.6 names:q0,q1,q2,q3,q4 keys:;;;;;,;;;;<,;;;;=,;;;;>,;;;<;,;;;<<,;;;<=,;;;=;,;;;>;,;;<;;,;;<;<,;;<;=,;;<<;,;;=;;,;;=;<,;<;;;,;<;;<,;<;<;,;<<;;,;=;;;,<;;;;,<;;;<,<;;;=,<;;<;,<;;<<,<;;=;,<;<;;,<;<<;,<<;;;,<<;<;,=;;;;,=;;<;,=<;;; shape:9
# onwind solar H2 battery transmission offwind wind tsc gini
2106.5680 -76.6223 -15.0843 0.0000 64.4078 139.0105 62.2769 -674.8881 -118.8973 -146.0762 804.8357 -627.3468 132.3176 -114.3635 -93.6686 1375.6489 -35.7905 19.3890 332.9189 -3454.2002 -5668.6767 -427.5245 560.9417 1354.9541 -342.1207 968.0443 68.4128 0.0000 6612.1625 430.7901 490.7745 -2144.8830 -813.4407
1490.6628 -551.8439 398.3962 0.0000 -1539.1756 18.3215 0.0000 475.1130 0.0000 -1972.2791 255.1175 0.0000 634.1636 1287.4049 0.0000 618.6690 -55.9117 -212.9820 -152.0211 -627.0135 -420.7995 388.0111 -494.7871 2266.8680 70.5321 -490.9483 -691.5207 -1305.7791 1154.4359 0.0000 -5.5900 0.0000 0.0000
327.3519 182.4524 -220.1113 73.9509 -562.9390 86.3043 0.0000 320.1503 0.0000 -66.7500 0.0000 0.0000 96.9353 0.0000 0.0000 -68.7154 0.0000 -50.6543 0.0000 0.0000 197.1356 -7.5729 0.0000 -247.1092 0.0000 0.0000 0.0000 0.0000 145.0194 0.0000 -48.9133 0.0000 0.0000
581.8420 -3046.3113 4709.9461 -2296.0706 615.5386 -1266.6360 709.6371 0.0000 0.0000 -1.8594 11.1307 0.0000 -19.3906 0.0000 0.0000 207.9244 -87.5761 0.0000 0.0000 0.0000 386.8639 -526.1389 194.1168 0.0000 0.0000 0.0000 -63.7558 0.0000 0.0000 0.0000 0.0000 0.0000 0.0000
372.6062 141.0047 -161.9479 62.1779 143.0144 -15.5420 0.0000 -15.9338 0.0000 103.1388 0.0000 0.0000 89.8789 -64.4737 0.0000 131.0280 0.0000 -55.6825 84.5387 -354.3387 -291.2517 30.0623 0.0000 -70.5250 0.0000 0.0000 -150.2469 0.0000 680.1800 0.0000 -96.1312 0.0000 0.0000
47.8885 111.5041 -95.9001 0.0000 -126.0175 0.6112 0.0000 0.0000 0.0000 82.9219 -131.8267 106.3118 0.0000 -25.5896 0.0000 -1092.9862 29.6853 -122.0267 -133.7833 2137.3136 1101.6135 8.9792 0.0000 297.7011 0.0000 0.0000 200.6774 0.0000 -3505.9089 0.0000 1167.4599 0.0000 0.0000
1115.4753 67.7589 -92.6161 0.0000 415.2472 211.2575 0.0000 -329.5178 0.0000 246.5745 193.2031 -259.4398 144.0617 -268.0926 0.0000 501.7137 -4.3803 226.0463 121.4679 -1170.7741 -1682.4532 -121.1809 322.9697 -533.8333 -328.5046 253.9891 316.0934 0.0000 1949.5302 0.0000 -462.4300 0.0000 0.0000
96.5411 8.8884 -11.5388 0.0000 33.9446 22.8730 0.0000 -12.4112 0.0000 27.4646 0.0000 0.0000 0.0000 0.0000 0.0000 -58.6770 0.0000 0.0000 0.0000 0.0000 63.8729 0.0000 0.0000 0.0000 0.0000 0.0000 0.0000 0.0000 92.2189 0.0000 -24.9106 0.0000 0.0000
0.5324 -0.0126 0.0000 0.0000 0.0249 0.0000 0.0000 0.0000 0.0000 0.0523 0.0000 0.0000 0.0000 0.0000 0.0000 0.0418 0.0000 0.0000 0.0000 0.0000 0.0096 0.0000 0.0000 0.0000 0.0000 0.0000 0.0000 0.0000 0.0000 0.0000 0.0000 0.0000 0.0000
