# numpoly:1.0.6 names:q0,q1,q2,q3,q4 keys:;;;;;,;;;;<,;;;;=,;;;;>,;;;<;,;;;<<,;;;<=,;;;=;,;;;=<,;;;>;,;;<;;,;;<;<,;;<;=,;;<<;,;;<<<,;;=;;,;<;;;,;<;;<,;<;;=,;<;<;,;<<;;,;=;;;,<;;;;,<;;;<,<;;;=,<;;<;,<;;<<,<;;=;,<;<;;,<<;;;,<<;<;,=;;;;,=;;<;,=<;;; shape:9
# onwind solar H2 battery transmission offwind wind tsc gini
3465.9572 598.8469 -107.3767 0.0000 3305.3519 -973.7599 141.2557 -117.8458 0.0000 2.7444 193.5678 310.8153 0.0000 384.0404 -616.8152 0.0000 21.4580 0.0000 0.0000 -2552.9325 -87.3845 -1754.1890 -13088.7441 -709.1048 -6.6691 -4051.2541 1389.8315 0.0000 -193.7178 12236.2409 3692.5957 7897.1893 -291.4465 -8206.6421
818.2653 -204.7848 -160.8606 81.4287 -1056.3164 1051.8414 0.0000 631.1698 -683.9164 0.0000 -1075.7578 29.5206 0.0000 59.6070 30.6895 639.8926 409.4547 -93.3730 0.0000 106.7135 -329.9748 58.6233 1040.1729 -47.6537 0.0000 -263.3444 0.0000 0.0000 -384.1365 -175.9663 0.0000 0.0000 0.0000 0.0000
379.7857 173.3733 -443.8243 266.5029 -504.8762 470.8593 -188.2951 170.5937 -34.0425 0.0000 -97.4744 0.0000 0.0000 90.3678 0.0000 0.0000 -183.3030 0.0000 0.0000 0.0000 0.0000 0.0000 118.3671 -74.6827 0.0000 -167.8737 0.0000 0.0000 0.0000 189.7258 0.0000 -7.3133 0.0000 0.0000
173.2388 -1772.8431 3911.2610 -2385.7967 535.8718 -2194.6586 1837.9564 520.3019 -504.9067 0.0000 29.8473 -161.1388 81.4702 51.4941 0.0000 0.0000 84.1120 -498.5663 289.6329 57.0961 19.7316 112.4321 229.2491 388.3156 -466.8761 -493.1339 314.6816 0.0000 -20.5661 -152.3802 0.0000 57.5306 0.0000 0.0000
93.9744 23.9398 8.3515 0.0000 44.2716 -71.8554 0.0000 9.3022 0.0000 0.0000 43.0571 11.1747 0.0000 -23.3235 0.0000 0.0000 80.8742 0.0000 0.0000 -20.0235 0.0000 0.0000 -68.2817 0.0000 0.0000 76.1942 0.0000 0.0000 -12.2480 0.0000 0.0000 0.0000 0.0000 0.0000
357.1753 -172.8706 24.8774 0.0000 -47.7816 296.0261 -80.2659 -141.5930 76.0537 0.0000 -88.0920 23.1892 0.0000 -49.8822 0.0000 0.0000 -1557.0556 10.4033 0.0000 -193.2666 33.8702 1310.9567 1285.2282 197.6431 0.0000 517.1168 -365.4815 0.0000 134.9991 -1737.5466 0.0000 339.1983 0.0000 0.0000
977.2908 241.7603 -41.9377 0.0000 1154.6944 -398.9157 0.0000 -243.0911 29.3518 36.7291 229.2874 66.0761 0.0000 144.2232 -243.3390 -21.8025 1720.5492 8.7573 0.0000 -340.1983 0.0000 -315.0190 -2662.5125 -103.2861 0.0000 -1023.6589 469.7269 -71.3684 -53.6127 -233.5119 749.9884 1435.3225 0.0000 -453.8231
95.3812 9.4750 -12.0433 0.0000 33.8916 22.5186 0.0000 -11.2118 0.0000 0.0000 23.6316 0.0000 0.0000 0.0000 0.0000 0.0000 -53.2950 0.0000 0.0000 0.0000 0.0000 0.0000 67.1815 0.0000 0.0000 0.0000 0.0000 0.0000 0.0000 96.8928 0.0000 -28.1950 0.0000 0.0000
0.0687 0.0000 0.0000 0.0000 0.0000 0.0000 0.0000 0.0000 0.0000 0.0000 0.0000 0.0000 0.0000 0.0000 0.0000 0.0000 0.0000 0.0000 0.0000 0.0000 0.0000 0.0000 0.0000 0.0000 0.0000 0.0000 0.0000 0.0000 0.0000 0.0000 0.0000 0.0000 0.0000 0.0000
