# numpoly:1.0.6 names:q0,q1,q2,q3,q4 keys:;;;;;,;;;;<,;;;;=,;;;;>,;;;<;,;;;<<,;;;<=,;;;=;,;;;=<,;;;>;,;;<;;,;;<;<,;;<;=,;;<<;,;;<<<,;;=;;,;<;;;,;<;;<,;<;<;,;<<;;,;=;;;,<;;;;,<;;;<,<;;;=,<;;<;,<;;<<,<;;=;,<;<;;,<;<<;,<<;;;,<<;<;,<=;;;,=;;;;,=;;<;,=<;;; shape:9
# onwind solar H2 battery transmission offwind wind tsc gini
5764.4458 35.8389 -140.1686 -53.4039 -581.4075 -6.7350 228.6231 -445.2825 0.0000 177.8502 540.7207 -200.3192 0.0000 78.6838 0.0000 -242.1207 6047.6831 222.3099 1502.2237 536.5679 -12025.8407 -26823.9830 251.7410 0.0000 520.3553 -352.3317 0.0000 -393.8839 -94.2321 14579.2384 -2161.8690 14303.2093 21653.7579 1099.1699 -23844.0117
992.2890 -400.3889 0.8356 172.1360 99.2064 357.8980 -308.3203 -22.2814 0.0000 0.0000 -1780.9220 317.5059 0.0000 -124.1585 0.0000 856.7207 215.7905 5.8176 -36.2652 -168.9462 -491.3498 948.1697 -262.6118 0.0000 77.9545 10.8432 0.0000 -588.5805 0.0000 1216.3035 0.0000 0.0000 -503.8857 0.0000 0.0000
30.3766 -67.9720 -6.0765 3.9954 -782.9491 465.2240 -80.4676 416.1554 -145.7350 0.0000 4.4583 22.0922 0.0000 -28.3407 0.0000 0.0000 412.8528 59.1765 -213.7535 0.0000 333.0406 409.2377 -143.1218 0.0000 397.6292 0.0000 -235.6600 0.0000 0.0000 -1073.5379 0.0000 0.0000 316.0809 0.0000 0.0000
-103.6131 -662.8436 2170.6927 -1588.1113 478.2914 -1676.1564 1298.1107 431.4456 -310.7160 0.0000 115.4138 -821.3273 689.1793 109.5958 -46.5432 0.0000 92.0195 -144.5312 -5.4139 20.0458 0.0000 514.9675 -135.5835 -48.1886 -403.9908 206.6072 0.0000 -104.5452 0.0000 0.0000 0.0000 0.0000 0.0000 0.0000 0.0000
-43.4512 253.9444 -314.2165 141.6775 100.8774 -38.8802 -24.1082 51.7485 0.0000 0.0000 61.5973 -52.6609 0.0000 45.7961 0.0000 0.0000 479.2468 0.0000 -87.8502 -4.6385 1.7889 95.4110 106.2939 0.0000 0.0000 0.0000 0.0000 0.0000 0.0000 -402.2553 0.0000 0.0000 84.8672 0.0000 0.0000
-4850.4353 48.8000 31.7273 9.0684 -134.8532 -42.6158 -70.1604 131.0170 58.9653 -83.5058 -35.8441 37.2403 0.0000 0.0000 0.0000 38.1331 3893.8658 -151.3392 83.8810 -268.2239 989.1761 15498.5130 110.5288 0.0000 115.1348 0.0000 0.0000 329.9481 0.0000 -15082.7002 285.5936 -968.8906 -9832.7299 -281.5103 10584.3369
470.1721 144.3973 -137.1080 0.0000 65.4943 -50.5799 87.5652 -102.7020 45.8783 0.0000 549.5752 -150.7158 0.0000 0.0000 0.0000 -140.6667 1240.6601 71.8396 0.0000 113.3993 0.0000 -1658.0582 264.4937 0.0000 214.6739 -244.2745 0.0000 -94.6985 0.0000 -921.3306 0.0000 0.0000 859.8127 0.0000 0.0000
86.4001 6.5821 -9.0221 0.0000 38.7943 20.8828 0.0000 -14.3795 0.0000 0.0000 22.7300 0.0000 0.0000 0.0000 0.0000 0.0000 -38.0954 0.0000 0.0000 0.0000 0.0000 66.3594 0.0000 0.0000 0.0000 0.0000 0.0000 0.0000 0.0000 77.0819 0.0000 0.0000 -17.8903 0.0000 0.0000
0.1837 -0.0002 0.0000 0.0000 0.0000 0.0000 0.0000 0.0000 0.0000 0.0000 0.0000 0.0000 0.0000 0.0000 0.0000 0.0000 0.0000 0.0000 0.0000 0.0000 0.0000 0.0000 0.0000 0.0000 0.0000 0.0000 0.0000 0.0000 0.0000 0.0000 0.0000 0.0000 0.0000 0.0000 0.0000
