# numpoly:1.0.6 names:q0,q1,q2,q3,q4 keys:;;;;;,;;;;<,;;;;=,;;;;>,;;;<;,;;;<<,;;;<=,;;;=;,;;;=<,;;<;;,;;<;<,;;<;=,;;<<;,;;=;;,;<;;;,;<;;<,;<;<;,;<<;;,;=;;;,<;;;;,<;;;<,<;;;=,<;;<;,<;;<<,<;<;;,<;<;<,<<;;;,<=;;;,=;;;;,=<;;; shape:9
# onwind solar H2 battery transmission offwind wind tsc gini
1374.9112 -223.7001 -234.2479 143.1706 -45.8759 478.7699 -171.1302 -146.5779 0.0000 229.4503 377.0419 0.0000 -59.8010 -198.0604 2069.5754 -31.5410 134.8003 58.1739 -3040.3296 -2251.0263 334.2530 0.0000 -44.5306 0.0000 344.5283 -451.5471 4035.1500 -66.6265 -1763.3828 405.9204
111.8670 -248.6140 305.5264 -149.9436 189.2863 -301.7948 88.0126 129.5452 0.0000 -555.6030 284.5248 -155.4130 110.9763 139.0791 -3.4230 68.5232 0.0000 0.0000 0.0000 963.9115 -219.0476 168.5575 -262.4519 0.0000 -263.8673 0.0000 -157.7541 0.0000 31.2267 0.0000
121.8999 161.9001 -211.2531 150.3754 -115.2431 41.7624 -153.4983 -20.7632 78.2455 26.5975 -20.5359 0.0000 8.0760 0.0000 21.0351 0.0000 0.0000 0.0000 0.0000 -36.9409 53.4560 0.0000 -11.3619 0.0000 0.0000 0.0000 0.0000 0.0000 0.0000 0.0000
89.4916 -364.2768 1315.1236 -1110.7170 461.1378 -1650.2296 1579.6012 273.9777 -435.5676 -67.7442 13.7213 0.0000 -56.9042 0.0000 -61.0977 0.0000 -13.7634 39.5924 0.0000 58.4496 -80.9683 0.0000 38.4323 0.0000 0.0000 0.0000 0.0000 0.0000 0.0000 0.0000
370.6638 4.8859 94.1754 -65.6365 -60.2120 -46.6857 0.0000 124.2079 0.0000 55.3246 6.0997 0.0000 -15.3909 1.1089 -71.1306 60.5615 -6.7343 0.0000 0.0000 247.5581 -112.0249 0.0000 -40.5635 65.4250 -36.3119 0.0000 0.0000 0.0000 0.0000 0.0000
100.8906 -7.5619 6.5222 0.0000 17.8925 -8.0478 0.0000 0.0000 0.0000 25.2342 0.0000 0.0000 0.0000 0.0000 -679.1930 0.0000 -27.8640 0.0000 1227.4756 397.2551 0.0000 0.0000 41.3208 0.0000 0.0000 0.0000 -1872.7583 0.0000 788.0694 0.0000
1575.3928 20.5818 -173.0407 144.2851 -41.7408 565.5596 -249.5056 -141.6183 0.0000 482.1040 0.0000 0.0000 -65.8142 -164.0360 1068.0933 -42.8516 79.3888 23.5411 -1706.6786 -2209.7866 -41.1742 0.0000 0.0000 0.0000 57.3556 0.0000 2634.2903 0.0000 -548.0118 0.0000
88.2922 7.8639 -10.2797 0.0000 34.7915 21.8815 0.0000 -12.9999 0.0000 26.9425 0.0000 0.0000 0.0000 0.0000 -56.4011 0.0000 0.0000 0.0000 0.0000 76.3585 0.0000 0.0000 0.0000 0.0000 0.0000 0.0000 89.1733 0.0000 -32.0312 0.0000
0.5056 -0.0073 0.0000 0.0000 0.0701 0.0000 0.0000 0.0000 0.0000 -0.0339 0.0000 0.0000 0.0000 0.0000 -0.0403 0.0000 0.0000 0.0000 0.0000 0.1331 0.0000 0.0000 0.0000 0.0000 0.0000 0.0000 0.0000 0.0000 0.0000 0.0000
