# numpoly:1.0.6 names:q0,q1,q2,q3,q4 keys:;;;;;,;;;;<,;;;;=,;;;;>,;;;<;,;;;<<,;;;<=,;;;=;,;;;=<,;;<;;,;;<;<,;;<;=,;;<<;,;;<<<,;;=;;,;;=;<,;<;;;,;<;;<,;<;;=,;<;<;,;<;<<,;<;=;,;<<;;,;=;;;,<;;;;,<;;;<,<;;;=,<;;<;,<;;<<,<;;=;,<;<;;,<<;;;,<<;;<,=;;;;,=;;;< shape:9
# onwind solar H2 battery transmission offwind wind tsc gini
2799.1691 561.8449 269.5644 -454.5684 -353.1298 -1061.0127 298.5170 578.9714 -307.3652 -1002.7721 2019.0497 -834.3115 -11.3856 353.6194 323.6381 -680.2218 1254.8706 -128.5422 -158.4112 -1299.0044 1179.9851 244.2922 -298.6283 -4201.3857 -5113.5685 -1938.2863 1637.9871 1829.7239 -563.3264 -804.1633 298.7338 9894.5695 -620.5117 -3139.9524 383.6966
162.5032 -721.4457 1875.5812 -854.7344 777.8833 -893.1377 65.8267 49.1499 0.0000 -807.8072 -60.2303 58.0328 0.0000 0.0000 481.1007 0.0000 855.2427 -1854.7780 1494.0328 -52.1143 -123.5644 0.0000 0.0000 206.3378 749.9766 840.5749 -1245.3747 -295.6022 671.0350 0.0000 -702.3994 -314.3195 0.0000 183.2061 0.0000
5.6527 286.7651 -320.0364 123.8082 -89.2468 -7.3045 0.0000 34.0761 0.0000 23.1472 -0.8969 0.0000 0.0000 0.0000 0.0000 0.0000 -7.3431 13.0612 0.0000 0.0000 0.0000 0.0000 0.0000 0.0000 -34.1520 15.9613 0.0000 0.0000 0.0000 0.0000 0.0000 0.0000 0.0000 0.0000 0.0000
346.5481 -1648.1169 2400.0209 -1131.7824 259.9835 -676.0294 378.0852 18.1314 0.0000 -64.4750 2.6136 0.0000 -8.8477 0.0000 0.0000 0.0000 239.4027 -50.8463 0.0000 0.0000 0.0000 0.0000 0.0000 0.0000 146.0122 -140.2730 0.0000 0.0000 0.0000 0.0000 -0.9078 0.0000 0.0000 0.0000 0.0000
551.9403 -60.1845 107.1056 -25.0837 72.2657 -14.8562 -17.4200 -40.4521 0.0000 8.0689 -41.4670 0.0000 -3.1391 0.0000 0.0000 0.0000 -262.6924 -9.3928 0.0000 0.0000 0.0000 0.0000 0.0000 0.0000 317.9746 46.3095 0.0000 0.1507 0.0000 0.0000 37.4163 321.9958 0.0000 -357.8229 0.0000
-400.2761 -190.6376 -618.2032 393.1312 -57.7687 542.0319 -47.0295 -27.4384 44.2554 117.6052 -119.1668 96.1023 -131.6125 0.0000 0.0000 0.0000 -695.9947 308.2452 0.0000 249.1990 -336.2392 0.0000 186.2177 2309.2151 1890.3473 599.0746 -481.3600 -134.3341 0.0000 0.0000 0.0000 -5306.8992 0.0000 1901.1527 0.0000
2071.7040 695.7474 -347.1211 0.0000 -191.5903 -166.4033 161.8019 147.2927 -65.2880 -102.7655 728.6693 -514.6347 63.5205 0.0000 -174.0554 0.0000 181.8469 186.4174 -222.0199 -248.8514 169.8079 0.0000 -6.1961 -1729.3044 -2863.0097 -1254.8542 937.4488 578.1308 -127.5204 -222.1675 191.0924 4086.7849 0.0000 -905.9245 0.0000
91.0184 8.4769 -10.5977 0.0000 33.8245 21.6764 0.0000 -11.7403 0.0000 27.9151 0.0000 0.0000 0.0000 0.0000 0.0000 0.0000 -48.9388 0.0000 0.0000 0.0000 0.0000 0.0000 0.0000 0.0000 66.1103 0.0000 0.0000 0.0000 0.0000 0.0000 0.0000 80.8658 0.0000 -20.4414 0.0000
0.6109 0.0253 0.0000 0.0000 -0.0644 0.0000 0.0000 0.0000 0.0000 0.0345 0.0000 0.0000 0.0000 0.0000 0.0000 0.0000 -0.0258 0.0000 0.0000 0.0000 0.0000 0.0000 0.0000 0.0000 0.0531 0.0000 0.0000 0.0000 0.0000 0.0000 0.0000 0.0000 0.0000 0.0000 0.0000
