# numpoly:1.0.6 names:q0,q1,q2,q3,q4 keys:;;;;;,;;;;<,;;;;=,;;;;>,;;;<;,;;;<<,;;;<=,;;;=;,;;;=<,;;;>;,;;<;;,;;<;<,;;<;=,;;<<;,;;=;;,;<;;;,;<;;<,;<;;=,;<;<;,;<<;;,;=;;;,<;;;;,<;;;<,<;;;=,<;;<;,<;<;;,<;<;<,<<;;;,<<;;<,=;;;;,=;;;< shape:9
# onwind solar H2 battery transmission offwind wind tsc gini
1360.7471 -187.4292 -98.3829 74.2220 42.4400 314.9370 -167.3337 -191.9318 80.7618 0.0000 211.4053 347.7344 0.0000 22.9781 -349.8626 2212.1720 -108.9103 0.0000 255.8860 85.0185 -3852.9823 -3134.1517 214.4449 -7.4153 -247.8417 647.6179 -559.1600 6075.9444 -47.4094 -2221.2243 307.6207
194.8094 301.1865 210.1288 -166.7263 55.9226 -637.5870 323.5307 164.0472 -34.6951 0.0000 -750.0543 -118.9431 -99.4013 78.3044 704.4785 -165.8789 115.2675 -35.3252 -10.9064 -0.8527 0.0000 1297.8834 -818.7470 188.5800 0.0000 -1226.5479 549.1597 212.5371 0.0000 61.2992 0.0000
117.1462 216.0955 -257.8105 148.2012 -233.4048 82.1067 -114.7501 117.8783 0.0000 -7.9718 20.3178 -33.9319 0.0000 21.9554 0.0000 34.8312 0.0000 0.0000 0.0000 0.0000 0.0000 -11.5211 61.7211 0.0000 -68.7791 0.0000 0.0000 0.0000 0.0000 0.0000 0.0000
113.6104 -478.9396 1380.3032 -1041.7833 735.8879 -1813.2057 1252.7458 -13.5643 -37.6453 0.0000 -114.0213 92.1551 0.0000 -124.1121 23.7477 -29.9197 0.0000 0.0000 0.0000 23.2713 0.0000 0.0050 -177.5521 100.1169 155.3084 0.0000 0.0000 0.0000 0.0000 0.0000 0.0000
442.2141 -4.6385 34.3619 -24.9708 -2.3758 20.1929 0.0000 83.5526 0.0000 0.0000 24.1912 0.0000 0.0000 0.0000 0.0000 -366.9135 77.2450 0.0000 -73.1768 0.0000 -21.1754 443.1523 -99.3946 0.0000 11.2575 0.0000 0.0000 460.2915 0.0000 -402.5863 0.0000
8.0009 19.7540 4.6131 0.0000 31.7858 9.4132 0.0000 -6.2221 0.0000 0.0000 53.3018 22.3484 0.0000 -31.7625 0.0000 -862.9663 39.7133 0.0000 -86.4240 0.0000 1876.2365 854.7756 -91.2887 0.0000 102.2579 -14.7165 0.0000 -3234.1236 0.0000 1325.5103 0.0000
1481.1223 -141.5845 -117.9724 104.5714 -14.1242 497.5622 -218.1906 -158.8288 8.1945 0.0000 411.0696 71.9331 0.0000 0.0000 -325.0505 1129.3271 -97.1128 0.0000 159.4596 136.2214 -1818.9132 -2403.3599 264.3876 0.0000 -131.4168 345.8235 -191.0631 2735.7109 0.0000 -623.1776 0.0000
91.5990 8.4762 -10.4022 0.0000 31.0191 20.6684 0.0000 -10.3550 0.0000 0.0000 26.4387 0.0000 0.0000 0.0000 0.0000 -51.3946 0.0000 0.0000 0.0000 0.0000 0.0000 57.2036 0.0000 0.0000 0.0000 0.0000 0.0000 82.8109 0.0000 -18.9796 0.0000
0.5255 -0.0058 0.0000 0.0000 0.0444 0.0000 0.0000 0.0000 0.0000 0.0000 0.0008 0.0000 0.0000 0.0000 0.0000 0.0078 0.0000 0.0000 0.0000 0.0000 0.0000 0.0684 0.0000 0.0000 0.0000 0.0000 0.0000 0.0000 0.0000 0.0000 0.0000
