# numpoly:1.0.6 names:q0,q1,q2,q3,q4 keys:;;;;;,;;;;<,;;;;=,;;;;>,;;;<;,;;;<<,;;;<=,;;;=;,;;;=<,;;;>;,;;<;;,;;<;<,;;<;=,;;<<;,;;<<<,;;=;;,;;=;<,;;=<;,;<;;;,;<;;<,;<;;=,;<;<;,;<;<<,;<<;;,;=;;;,<;;;;,<;;;<,<;;;=,<;;<;,<;;<<,<;;=;,<;<;;,<;<<;,<<;;;,<<;;<,=;;;; shape:9
# onwind solar H2 battery transmission offwind wind tsc gini
573.3020 -132.5202 258.5557 576.7952 1835.9259 -445.2640 -1174.7820 -1462.9660 773.9842 312.6949 274.7167 547.6753 -39.4728 -530.8188 0.0000 -179.5300 -333.6256 223.0708 3458.9120 -607.1570 0.0000 -615.9794 713.7489 0.0000 -4581.7343 -3879.3317 500.7981 -823.5745 -371.7321 217.0377 408.6804 422.2872 0.0000 7573.2195 410.3371 -3008.3387
-379.5278 677.8240 -480.4105 0.0000 1178.9959 -1013.9738 -147.9843 -154.5446 402.6796 0.0000 -476.2389 -469.0005 -89.1338 -1081.3314 1299.2145 1085.9937 0.0000 0.0000 224.0637 761.6286 -538.1229 76.5866 0.0000 -623.6530 0.0000 1873.4673 -1387.2887 1348.7606 -235.5836 -545.9013 0.0000 -1296.8306 378.4939 121.1711 0.0000 4.2778
-14.2892 298.7089 -91.7437 -60.0555 -39.9236 -403.2443 264.7131 72.8225 0.0000 0.0000 7.7750 0.0000 0.0000 0.0000 0.0000 0.0000 0.0000 0.0000 0.4581 31.2088 0.0000 -11.1956 0.0000 0.0000 0.0000 -20.5067 -11.7548 0.0000 12.7359 0.0000 0.0000 0.0000 0.0000 0.0000 0.0000 0.0000
72.7320 -1857.4485 1724.9312 0.0000 960.8491 835.3647 -1827.7512 -747.9227 725.6015 0.0000 41.7280 -217.4342 104.3774 116.2612 0.0000 10.0037 0.0000 0.0000 438.0278 52.5186 0.0000 0.0000 0.0000 -99.7641 -190.7019 565.4850 -640.0200 0.0000 -556.3870 652.1961 0.0000 0.0000 0.0000 0.0000 0.0000 35.0899
267.6212 85.5007 -105.4101 0.0000 -3.8252 64.4053 74.7818 -17.4248 -48.1204 0.0000 122.6014 -33.2730 0.0000 -34.8193 0.0000 -25.0172 0.0000 0.0000 50.3370 -85.2502 0.0000 99.6822 0.0000 0.0000 0.0000 86.8155 97.1364 0.0000 -23.7981 0.0000 0.0000 4.2020 0.0000 0.0000 0.0000 -85.5893
84.4992 161.9069 202.6288 -258.0800 44.5623 -377.5551 579.6571 145.0852 -251.9928 0.0000 -124.8484 -19.6663 75.2958 27.4026 -44.1977 0.0000 0.0000 0.0000 -1571.2304 -223.3913 0.0000 29.7147 -47.9270 157.3845 2635.4494 1733.5974 11.5625 0.0000 -29.0573 0.0000 0.0000 -34.4028 0.0000 -4609.2385 0.0000 1830.1683
1438.2403 -749.2807 641.0736 219.8622 189.0143 89.8602 -526.0407 -172.4652 288.9242 0.0000 430.0042 56.3289 0.0000 -118.4113 -80.4970 -281.4656 0.0000 0.0000 1191.6912 0.0000 0.0000 -134.5725 0.0000 68.5699 -1765.3954 -2577.0450 939.5049 -845.0805 200.6429 151.7074 0.0000 312.5135 0.0000 3113.9155 0.0000 -1088.8409
88.0729 10.0975 -12.3119 0.0000 37.3920 21.4053 0.0000 -13.3624 0.0000 0.0000 23.0125 0.0000 0.0000 0.0000 0.0000 0.0000 0.0000 0.0000 -46.3494 0.0000 0.0000 0.0000 0.0000 0.0000 0.0000 68.8085 0.0000 0.0000 0.0000 0.0000 0.0000 0.0000 0.0000 87.6967 0.0000 -25.0699
0.2633 0.0000 0.0000 0.0000 0.0000 0.0000 0.0000 0.0000 0.0000 0.0000 0.0000 0.0000 0.0000 0.0000 0.0000 0.0000 0.0000 0.0000 0.0000 0.0000 0.0000 0.0000 0.0000 0.0000 0.0000 0.0000 0.0000 0.0000 0.0000 0.0000 0.0000 0.0000 0.0000 0.0000 0.0000 0.0000
