# numpoly:1.0.6 names:q0,q1,q2,q3,q4 keys:;;;;;,;;;;<,;;;;=,;;;;>,;;;<;,;;;<<,;;;<=,;;;=;,;;;=<,;;;>;,;;<;;,;;<;<,;;<;=,;;<<;,;;<<<,;;=;;,;;=;<,;;=<;,;<;;;,;<;;<,;<;;=,;<;<;,;<<;;,;=;;;,<;;;;,<;;;<,<;;;=,<;;<;,<;;<<,<;;=;,<;<;;,<;<;<,<<;;;,=;;;;,=;;;< shape:9
# onwind solar H2 battery transmission offwind wind tsc gini
1350.8594 -1326.3164 603.8541 0.0000 1070.7533 -646.9996 101.1688 -427.9543 39.1131 0.0000 798.2640 638.6284 -923.0198 -819.9681 699.2137 -691.4881 0.0000 202.6552 2014.4451 69.5133 0.0000 105.6346 589.4203 -4102.3864 -4312.9766 2114.6708 0.0000 -318.1722 -140.7349 275.5360 0.0000 0.0000 6573.0944 -1533.4118 -1165.5184
513.6837 494.2720 -534.8304 0.0000 -896.9788 194.0482 -134.4765 601.7991 -44.4864 0.0000 -1785.6625 360.0192 439.4497 880.4787 -854.8557 1439.6090 142.2995 0.0000 245.5084 -363.1830 292.8895 -156.5419 -152.5242 -70.4921 1638.3483 -518.6848 0.0000 81.0904 894.8417 -550.9735 -1934.3028 -398.3690 522.7862 171.5214 0.0000
164.1706 203.8804 -217.5382 78.6596 -554.3599 67.2329 0.0000 572.5909 0.0000 -171.0656 -44.8687 -10.8690 0.0000 75.7801 0.0000 0.0000 0.0000 0.0000 25.2046 7.3026 0.0000 -59.9435 0.0000 0.0000 84.6273 0.0000 0.0000 -183.7295 0.0000 0.0000 -1.4720 0.0000 41.7258 0.0000 0.0000
500.3883 -2890.0555 5320.6453 -2916.1568 963.2713 -1858.1551 1019.3803 3.6671 0.0000 0.0000 40.3992 94.6830 0.0000 -71.1817 0.0000 14.9608 0.0000 0.0000 58.7754 -108.2621 0.0000 -9.3278 0.0000 0.0000 589.0478 -1530.4098 868.7759 76.7322 0.0000 0.0000 -165.8109 0.0000 0.0000 91.6224 0.0000
306.2688 90.1984 -38.3176 0.0000 157.1632 -31.9024 0.0000 -36.5536 0.0000 0.0000 29.9602 0.0000 0.0000 -75.1896 0.0000 0.0000 0.0000 0.0000 88.6555 0.0000 0.0000 -144.9196 28.0357 -0.7786 116.0190 32.5807 0.0000 206.2348 0.0000 0.0000 29.0399 0.0000 78.2768 -220.3013 0.0000
6.7592 210.2997 -120.0102 0.8824 -3.2311 -6.2696 0.0000 -25.2899 0.0000 0.0000 100.7840 -211.2965 138.6590 -79.7098 0.0000 0.0000 0.0000 0.0000 -1064.4133 -25.1670 0.0000 31.4917 -230.0748 2348.3105 1048.0310 26.3522 0.0000 96.7885 0.0000 0.0000 342.9453 0.0000 -4033.2559 1508.2026 0.0000
1082.3269 -197.3092 180.7033 18.1910 621.3241 -201.8297 52.9061 -573.9249 0.0000 168.1906 690.3043 241.5135 -428.1265 -359.8834 323.7102 -492.5357 0.0000 0.0000 815.2221 34.4587 0.0000 159.4943 244.1031 -1585.7954 -2194.6154 211.2459 0.0000 174.7449 -162.3097 0.0000 315.9690 0.0000 2437.7308 -677.0383 0.0000
87.9865 7.5989 -10.3036 0.0000 34.5183 21.9345 0.0000 -13.1790 0.0000 0.0000 26.6812 0.0000 0.0000 0.0000 0.0000 0.0000 0.0000 0.0000 -49.3080 0.0000 0.0000 0.0000 0.0000 0.0000 64.2827 0.0000 0.0000 0.0000 0.0000 0.0000 0.0000 0.0000 80.2435 -21.2652 0.0000
0.5662 -0.0240 0.0000 0.0000 0.0298 0.0000 0.0000 0.0000 0.0000 0.0000 0.0318 0.0000 0.0000 0.0000 0.0000 0.0000 0.0000 0.0000 0.0186 0.0000 0.0000 0.0000 0.0000 0.0000 0.0176 0.0000 0.0000 0.0000 0.0000 0.0000 0.0000 0.0000 0.0000 0.0000 0.0000
