# numpoly:1.0.6 names:q0,q1,q2,q3,q4 keys:;;;;;,;;;;<,;;;;=,;;;;>,;;;<;,;;;<<,;;;<=,;;;=;,;;;=<,;;;>;,;;<;;,;;<;<,;;<;=,;;<<;,;;<<<,;;<=;,;;=;;,;;=;<,;;=<;,;;>;;,;<;;;,;<;;<,;<;;=,;<;<;,;<;<<,;<;=;,;<<;;,;<<;<,;<<<;,;=;;;,;=;;<,<;;;;,<;;;<,<;;;=,<;;<;,<;;<<,<;;=;,<;<;;,<;<;<,<<;;;,<<;;<,=;;;;,=;;;<,=;;<;,=<;;; shape:9
# onwind solar H2 battery transmission offwind wind tsc gini
1269.1338 -40.2114 -1.8399 0.0000 1147.9392 396.6604 446.5585 -333.4568 -347.3746 -635.7750 -1596.0340 2728.8642 -239.3803 -311.2733 -306.1870 0.0000 1016.9263 -1640.2037 0.0000 0.0000 4243.9223 41.9177 0.0000 -2068.3175 -147.9269 1178.1646 361.6481 379.7998 400.2000 -4709.8362 0.0000 -3064.0175 -3062.7695 -114.6323 556.6070 117.9686 740.4969 -412.2759 0.0000 6413.2623 -105.2134 -2147.7745 1789.3896 -871.8990 0.0000
134.0573 -53.9855 -6.2583 0.0000 135.1802 -269.8706 128.2157 81.4724 -6.7991 0.0000 -404.2333 129.4254 -59.7225 49.0137 0.0000 0.0000 154.8636 0.0000 0.0000 0.0000 1.7864 74.5605 0.0000 -135.4242 0.0000 0.0000 0.0000 0.0000 0.0000 -93.4216 0.0000 216.5617 -42.4703 0.0000 6.1905 0.0000 0.0000 -232.3502 0.0000 455.7039 0.0000 -148.6882 0.0000 0.0000 0.0000
-9.8929 414.9061 -255.8820 122.2723 -28.1706 -402.9583 -33.5807 20.9388 235.3810 0.0000 50.3517 0.0000 0.0000 0.0000 0.0000 0.0000 0.0000 0.0000 0.0000 0.0000 71.7327 0.0000 0.0000 26.2577 0.0000 0.0000 0.0000 0.0000 0.0000 0.0000 0.0000 39.7924 0.0000 0.0000 -65.2686 0.0000 0.0000 0.0000 0.0000 -63.7290 0.0000 0.5153 0.0000 0.0000 0.0000
-12.7207 -1296.9619 3187.5383 -2115.6219 751.5092 -1356.6267 1046.1737 -208.0309 -97.3888 72.3545 64.6784 -275.2254 157.7751 0.0000 0.0000 0.0000 0.0000 0.0000 0.0000 0.0000 380.6532 -991.5660 591.9723 0.0000 0.0000 0.0000 0.0000 0.0000 0.0000 0.0000 0.0000 11.4708 103.9000 0.0000 0.0000 0.0000 0.0000 -3.4892 0.0000 0.0000 0.0000 0.0000 0.0000 0.0000 0.0000
455.2600 13.2352 -53.4288 36.0893 76.4249 64.5936 -38.1352 -1.3585 0.0000 0.0000 -33.6974 0.0000 0.0000 -24.3727 0.0000 0.0000 0.0000 0.0000 0.0000 0.0000 22.1611 -19.6030 0.0000 -84.6260 0.0000 0.0000 -2.5500 0.0000 0.0000 0.0000 0.0000 53.0908 47.6802 0.0000 48.4305 0.0000 0.0000 92.9282 0.0000 17.6608 0.0000 -57.0451 0.0000 0.0000 0.0000
-55.4517 391.5070 -189.3961 128.2272 55.1298 -302.9693 -188.5993 -158.8850 318.1095 0.0000 -36.7458 69.2937 0.0000 56.5985 0.0000 0.0000 -45.3039 0.0000 0.0000 0.0000 -1438.6926 -205.2854 0.0000 18.5591 137.4275 0.0000 -16.6502 0.0000 0.0000 2456.5640 0.0000 1520.6428 0.0000 0.0000 -13.1342 0.0000 0.0000 180.9141 0.0000 -4021.6452 0.0000 1453.6571 0.0000 0.0000 0.0000
-2023.9984 3709.3983 564.3077 -114.8878 1778.1118 -3110.2739 1124.2568 2401.2523 1966.0228 -5522.2639 25322.3909 7516.0471 -62.8321 -2493.5850 -1211.9264 157.4958 -35842.6487 -2581.5389 1825.8128 14305.4534 5620.6064 -14084.4164 0.0000 -3346.6048 0.0000 2521.1346 3126.8447 0.0000 0.0000 -7679.8341 6513.9246 -22161.8839 874.6042 -1436.0551 293.7718 203.5629 6658.8725 1745.8800 -2823.4770 17229.5257 2899.8517 13422.8692 0.0000 -5656.0439 -10390.2850
99.4920 8.9077 -12.5359 0.0000 34.5124 24.2814 0.0000 -13.3556 0.0000 0.0000 27.4302 0.0000 0.0000 0.0000 0.0000 0.0000 0.0000 0.0000 0.0000 0.0000 -54.3427 0.0000 0.0000 0.0000 0.0000 0.0000 0.0000 0.0000 0.0000 0.0000 0.0000 52.3712 0.0000 0.0000 0.0000 0.0000 0.0000 0.0000 0.0000 86.7375 0.0000 -15.1504 0.0000 0.0000 0.0000
0.5724 0.0402 0.0000 0.0000 -0.0104 0.0000 0.0000 0.0000 0.0000 0.0000 0.0165 0.0000 0.0000 0.0000 0.0000 0.0000 0.0000 0.0000 0.0000 0.0000 -0.1113 0.0000 0.0000 0.0000 0.0000 0.0000 0.0000 0.0000 0.0000 0.0000 0.0000 0.1483 0.0000 0.0000 0.0000 0.0000 0.0000 0.0000 0.0000 0.0000 0.0000 0.0000 0.0000 0.0000 0.0000
