# numpoly:1.0.6 names:q0,q1,q2,q3,q4 keys:;;;;;,;;;;<,;;;;=,;;;;>,;;;<;,;;;<<,;;;<=,;;;=;,;;;=<,;;;>;,;;<;;,;;<;<,;;<;=,;;<<;,;;<<<,;;=;;,;<;;;,;<;;<,;<;;=,;<;<;,;<;<<,;<<;;,;=;;;,<;;;;,<;;;<,<;;;=,<;;<;,<;;<<,<;;=;,<;<;;,<;<<;,<<;;;,<<;;<,<<;<;,<=;;;,=;;;;,=<;;; shape:9
# onwind solar H2 battery transmission offwind wind tsc gini
3672.1593 -1037.4079 538.1414 0.0000 -1095.2091 378.0862 313.6375 607.7320 0.0000 -312.9553 -238.6688 1427.0762 -1013.4440 377.5146 -648.0401 72.2131 6117.4588 295.2714 -129.5317 311.9643 -121.1172 232.7776 -8111.6305 -15924.4728 -170.0590 196.9853 716.9926 0.0000 0.0000 -403.4502 0.0000 5947.3617 0.0000 -618.4668 9714.5276 13343.8695 -13976.9839
958.7273 -2089.3020 586.2405 82.6577 570.8381 2173.8323 -1089.3356 1118.9673 -451.3585 -624.4262 -1977.4864 1340.0968 110.7313 -207.2022 -1402.0035 876.7088 -163.7493 820.6689 0.0000 115.7181 0.0000 -340.5376 -542.3733 3232.5368 -691.2424 63.0401 -3967.7883 1478.9179 840.2523 -1542.8947 1242.6069 1936.5647 -1097.7856 0.0000 0.0000 -478.2173 0.0000
285.8390 36.4545 -133.0471 57.8450 -466.2449 259.1138 0.0000 109.6522 -60.3549 0.0000 11.4656 66.2119 0.0000 -80.0901 0.0000 0.0000 -169.4221 154.2079 0.0000 90.4649 -158.9271 0.0000 0.0000 221.6274 -228.1211 0.0000 0.7296 92.6288 0.0000 0.0000 0.0000 164.3245 0.0000 0.0000 0.0000 -123.0142 0.0000
152.9088 -955.3592 1987.0143 -1340.1800 113.7913 -1159.8534 857.5607 654.9308 0.0000 -224.0196 -129.4729 -522.6649 584.6211 480.0436 -504.7489 0.0000 275.6104 -247.5034 0.0000 -310.5529 298.8486 0.0000 0.0000 345.9511 149.7939 -62.3574 -364.5256 0.0000 51.0535 -37.7167 0.0000 0.0000 0.0000 0.0000 0.0000 0.0000 0.0000
250.2930 82.2097 -17.4602 18.9202 7.1764 24.6100 -52.8400 81.6775 0.0000 0.0000 -90.1422 5.6035 0.0000 112.7119 0.0000 63.6936 485.9506 -3.7985 0.0000 -247.6160 5.3163 0.0000 0.0000 -249.3047 -4.8000 0.0000 55.7664 0.0000 0.0000 -68.3476 0.0000 -200.0946 0.0000 0.0000 0.0000 195.9172 0.0000
-2506.8465 541.6263 -171.3070 0.0000 350.4947 -504.0082 -40.2878 -115.8826 0.0000 41.8994 262.2543 -550.1939 207.6259 -324.3077 523.0769 -52.0116 1476.6068 -46.9688 1.3010 120.2966 0.0000 -68.4454 692.9584 7243.6633 109.0580 0.0000 67.0127 -31.2279 0.0000 274.6759 0.0000 -7220.1565 0.0000 0.0000 -593.9405 -4349.6838 4863.8075
657.0394 -51.4168 71.2976 0.0000 185.8397 -310.4970 244.2877 -177.2698 125.0968 0.0000 282.1836 422.5976 -501.1573 -6.1811 0.0000 0.0000 1315.4936 0.0000 0.0000 -124.7436 0.0000 30.8537 226.8540 -1815.1707 150.7167 149.0755 396.1072 -238.2792 0.0000 -97.2013 0.0000 -1303.3323 0.0000 0.0000 0.0000 1046.4403 0.0000
90.4538 9.8877 -12.2658 0.0000 33.7024 21.9766 0.0000 -11.3672 0.0000 0.0000 22.7772 0.0000 0.0000 0.0000 0.0000 0.0000 -47.0845 0.0000 0.0000 0.0000 0.0000 0.0000 0.0000 67.8976 0.0000 0.0000 0.0000 0.0000 0.0000 0.0000 0.0000 88.5714 0.0000 0.0000 0.0000 -25.0434 0.0000
0.2795 0.0000 0.0000 0.0000 0.0000 0.0000 0.0000 0.0000 0.0000 0.0000 0.0000 0.0000 0.0000 0.0000 0.0000 0.0000 0.0000 0.0000 0.0000 0.0000 0.0000 0.0000 0.0000 0.0000 0.0000 0.0000 0.0000 0.0000 0.0000 0.0000 0.0000 0.0000 0.0000 0.0000 0.0000 0.0000 0.0000
