# numpoly:1.0.6 names:q0,q1,q2,q3,q4 keys:;;;;;,;;;;<,;;;;=,;;;;>,;;;<;,;;;<<,;;;<=,;;;=;,;;;=<,;;<;;,;;<;<,;;<<;,;;<<<,;;=;;,;<;;;,;<;;<,;<;<;,;<;<<,;<<;;,;=;;;,<;;;;,<;;;<,<;;;=,<;;<;,<;;<<,<;<;;,<<;;;,<<;;<,=;;;; shape:9
# onwind solar H2 battery transmission offwind wind tsc gini
1343.3207 285.7724 -399.9298 0.0000 42.6729 -208.2796 435.1602 -64.8022 0.0000 559.7573 -191.1169 -49.7108 69.9709 -114.4672 19.7330 68.1901 1.5317 0.0000 0.0000 0.0000 -1309.1939 490.4983 -24.5434 341.1479 -458.9488 82.5752 0.0000 0.0000 193.7613
826.2580 -297.1289 82.5641 240.2651 634.1459 -442.3120 -386.7561 -32.1806 -37.5331 -2022.8939 433.7145 -64.2213 0.0000 1044.0896 605.4987 268.4817 149.3582 0.0000 -183.2340 -1491.4498 793.4021 -524.0553 0.0000 -765.8836 1018.1477 -796.2187 2985.3781 -561.1025 -889.7194
50.2736 128.5545 -48.2637 0.0000 -199.2622 39.8958 0.0000 66.7823 0.0000 11.1044 -3.7707 0.0000 0.0000 0.0000 46.6103 -15.0410 46.4527 0.0000 0.0000 37.0291 142.9376 0.0000 0.0000 -66.0874 0.0000 0.0000 -206.2567 0.0000 72.3748
260.5995 -1018.3330 1489.9763 -651.7262 382.9966 -96.5373 -191.8717 0.0000 0.0000 -162.3459 191.3635 0.0000 0.0000 0.0000 254.3297 -184.2033 -173.3045 133.1360 0.0000 -361.1384 -3.2475 -734.7330 430.4361 0.0000 0.0000 -41.3466 791.9272 0.0000 -215.0136
180.7423 44.0447 -32.2604 0.0000 75.2393 -5.6239 4.1777 -1.9139 0.0000 99.2729 -24.5402 0.0000 0.0000 -18.7792 84.1927 0.0000 0.0000 0.0000 0.0000 -259.5149 162.1933 16.7242 0.0000 -38.2106 0.0000 0.0000 535.0069 0.0000 -320.0306
0.1248 -0.0688 0.0000 0.0000 0.0000 0.0000 0.0000 0.0000 0.0000 0.0000 0.0000 0.0000 0.0000 0.0000 -0.6590 0.0000 0.0000 0.0000 0.0000 0.0000 0.6618 0.0000 0.0000 0.0000 0.0000 0.0000 0.0000 0.0000 0.0000
1353.5854 293.7229 -419.4596 0.0000 29.6701 -193.3722 437.8474 -63.1250 0.0000 574.4330 -207.1910 -65.9965 95.3945 -113.6541 17.6647 71.2489 0.0000 0.0000 0.0000 0.0000 -1341.2658 495.2229 0.0000 375.6853 -510.3894 75.2213 0.0000 0.0000 208.2144
89.4436 8.6065 -10.6933 0.0000 37.0837 21.3804 0.0000 -12.8899 0.0000 23.6566 0.0000 0.0000 0.0000 0.0000 -49.2703 0.0000 0.0000 0.0000 0.0000 0.0000 74.0615 0.0000 0.0000 0.0000 0.0000 0.0000 92.3991 0.0000 -29.5269
0.2344 0.0000 0.0000 0.0000 0.0000 0.0000 0.0000 0.0000 0.0000 0.0000 0.0000 0.0000 0.0000 0.0000 0.0000 0.0000 0.0000 0.0000 0.0000 0.0000 0.0000 0.0000 0.0000 0.0000 0.0000 0.0000 0.0000 0.0000 0.0000
