# numpoly:1.0.6 names:q0,q1,q2,q3,q4 keys:;;;;;,;;;;<,;;;;=,;;;;>,;;;<;,;;;<<,;;;<=,;;;=;,;;;=<,;;;>;,;;<;;,;;<;<,;;<;=,;;<<;,;;=;;,;<;;;,;<;;<,;<;;=,;<;<;,;<;<<,;<<;;,;=;;;,<;;;;,<;;;<,<;;;=,<;;<;,<;;<<,<;<;;,<<;;;,=;;;; shape:9
# onwind solar H2 battery transmission offwind wind tsc gini
1951.2098 -663.6780 377.5080 -190.5644 -436.2926 788.0181 0.0000 -164.4761 -1.1702 0.0000 318.9291 693.7759 -410.8979 0.0000 -60.1083 2511.9122 -61.3799 0.0000 -117.7690 270.5099 304.4945 -3719.8994 -4771.4393 -38.5880 311.3944 760.9271 -997.7412 -621.5839 6217.6656 -1320.3983
624.7820 -144.5537 96.0620 -44.6091 120.7137 -617.5926 300.5953 280.3909 43.1224 -115.9701 -1049.5094 -58.5154 0.0000 -17.3951 594.8729 -224.7740 225.5192 -103.7143 -84.4608 0.0000 0.0000 -114.1556 576.2192 157.5754 0.0000 -6.4357 0.0000 -585.6694 748.9571 -243.6741
139.0301 -7.7545 -13.4940 32.3808 -39.1780 -23.8047 -36.1052 44.2289 0.0000 0.0000 -3.8547 -24.9850 0.0000 14.1890 0.0000 -50.9325 0.0000 0.0000 -0.9872 0.0000 0.0000 -41.2496 68.7986 25.4054 0.0000 0.0000 0.0000 0.0000 184.5015 -147.2925
-9.5888 45.7824 -4.4792 -25.6078 8.2924 -126.5261 103.1065 38.1321 -26.2432 0.0000 -1.0088 0.0000 0.0000 0.0000 0.0000 -0.5237 0.0000 0.0000 0.0000 0.0000 0.0000 0.0000 0.0000 0.0000 0.0000 0.0000 0.0000 0.0000 0.0000 0.0000
254.5126 100.4474 -52.0741 0.0000 -37.2625 184.2720 -41.0424 -60.2495 0.0000 0.0000 103.0966 -85.1759 0.0000 10.7134 -25.9000 78.4770 -72.3069 0.0000 0.0000 0.0000 0.0000 0.0000 19.5601 60.1746 0.0000 0.0000 0.0000 0.0000 41.3154 0.0000
-102.7816 175.5679 -202.5409 91.7187 -59.2714 240.6606 -64.0344 -46.8424 0.0000 0.0000 2.0356 -66.2855 9.0118 0.0000 0.0000 -1168.9462 -91.5647 0.0000 7.1996 -11.6122 -195.9741 2134.9212 1751.6330 25.6954 0.0000 -8.2719 0.0000 331.4074 -3759.4482 1158.2715
1837.4566 -360.3648 41.7107 -41.4175 -443.7517 1019.4568 -53.3111 -211.8162 -24.2877 0.0000 483.3972 281.3310 -129.0197 0.0000 -79.2830 1141.6061 9.9203 0.0000 28.2179 0.0000 27.0828 -1431.7192 -3046.7240 81.4409 60.3071 549.5712 -690.9443 -246.9819 2357.8020 -79.0610
86.2365 9.9508 -13.1974 0.0000 35.4796 23.9840 0.0000 -13.5344 0.0000 0.0000 24.1287 0.0000 0.0000 0.0000 0.0000 -53.9882 0.0000 0.0000 0.0000 0.0000 0.0000 0.0000 80.7105 0.0000 0.0000 0.0000 0.0000 0.0000 97.5835 -37.5164
0.1760 0.0000 0.0000 0.0000 0.0000 0.0000 0.0000 0.0000 0.0000 0.0000 0.0000 0.0000 0.0000 0.0000 0.0000 0.0000 0.0000 0.0000 0.0000 0.0000 0.0000 0.0000 0.0000 0.0000 0.0000 0.0000 0.0000 0.0000 0.0000 0.0000
