# numpoly:1.0.6 names:q0,q1,q2,q3,q4 keys:;;;;;,;;;;<,;;;;=,;;;;>,;;;<;,;;;<<,;;;<=,;;;=;,;;;=<,;;<;;,;;<;<,;;<;=,;;<<;,;;<<<,;;<=;,;;=;;,;;=;<,;<;;;,;<;;<,;<;;=,;<;<;,;<<;;,;=;;;,<;;;;,<;;;<,<;;;=,<;;<;,<;;<<,<;;=;,<;<;;,<;<;<,<<;;;,<<;<;,=;;;;,=;;<;,=<;;; shape:9
# onwind solar H2 battery transmission offwind wind tsc gini
5233.5429 504.7658 -320.3424 236.9542 2545.3011 -716.7490 43.3222 -300.0987 55.9824 132.9582 -116.9802 0.0000 -3.5616 -210.7431 224.7538 -37.5790 0.0000 -1086.1825 48.8947 -27.4691 -2962.9028 253.9474 -2770.4938 -16959.9382 42.7561 -287.0932 -1403.5844 862.1108 0.0000 -70.0103 0.0000 16524.1058 3779.0466 8664.1370 -1720.4591 -9281.1784
216.8716 385.1250 289.4905 0.0000 -532.5795 250.7182 17.5654 489.0318 -482.5125 -848.7865 89.9773 -502.7386 -373.8799 431.3400 0.0000 1136.5478 -365.2106 488.7965 -45.0200 0.0000 29.1418 -490.9885 0.0000 1677.3287 -1679.4164 240.7131 75.4515 0.0000 8.9622 -1557.0601 1326.9175 94.7222 0.0000 81.9724 0.0000 0.0000
286.4328 -10.0871 -110.8741 117.7585 -382.3327 432.7039 -230.4225 105.2440 -8.6049 -68.4961 0.0000 0.0000 68.5403 0.0000 0.0000 0.0000 0.0000 -88.9729 1.7968 0.0000 0.0000 0.0000 0.0000 143.3928 -54.9152 0.0000 -149.1177 0.0000 0.0000 0.0000 0.0000 88.9892 0.0000 -5.1250 0.0000 0.0000
115.9432 -1354.7336 2835.4876 -1798.3768 198.7002 -1203.1956 1336.0759 484.4617 -542.6352 73.0229 3.1237 0.0000 0.0000 0.0000 0.0000 1.9238 0.0000 182.8337 -245.8354 103.9657 0.0000 0.0000 39.1939 113.6909 -81.6983 0.0000 -135.8162 13.5525 0.0000 -103.0390 0.0000 -134.9294 0.0000 141.9424 0.0000 0.0000
168.4425 -3.1454 29.1541 0.0000 84.0849 -86.1674 0.0000 12.7139 0.0000 42.5460 21.8975 0.0000 -23.8052 0.0000 0.0000 0.0000 0.0000 7.3942 4.6830 0.0000 -78.5516 0.0000 0.0000 -110.3529 -7.9810 0.0000 108.8126 0.0000 0.0000 -14.7570 0.0000 166.7431 0.0000 -68.3627 0.0000 0.0000
282.2290 -212.8827 -10.0268 0.0000 -193.9652 278.5228 0.0000 -64.3464 0.0000 7.2979 49.3205 0.0000 -44.8550 0.0000 0.0000 -46.8457 0.0000 -1452.1692 0.0000 0.0000 -40.6368 0.0000 1713.6682 1383.7066 246.1740 0.0000 440.0951 -344.5403 0.0000 124.3165 0.0000 -2824.3013 0.0000 861.7044 0.0000 0.0000
1796.6650 234.1472 -390.3957 253.1321 1058.2395 -306.7602 0.0000 -273.6672 210.9527 345.1272 -181.5752 0.0000 152.2491 -83.9203 0.0000 -149.5642 0.0000 692.5312 6.3971 0.0000 -472.8626 191.0954 -930.8769 -4706.8107 588.2859 -238.4675 -883.6950 14.6384 0.0000 0.0000 0.0000 3399.4083 715.2859 1842.6089 0.0000 -1860.9246
85.9334 8.4137 -11.4774 0.0000 34.1410 22.1807 0.0000 -12.1018 0.0000 22.6512 0.0000 0.0000 0.0000 0.0000 0.0000 0.0000 0.0000 -43.5629 0.0000 0.0000 0.0000 0.0000 0.0000 70.6025 0.0000 0.0000 0.0000 0.0000 0.0000 0.0000 0.0000 83.8933 0.0000 -25.7683 0.0000 0.0000
0.0962 0.0000 0.0000 0.0000 0.0000 0.0000 0.0000 0.0000 0.0000 0.0000 0.0000 0.0000 0.0000 0.0000 0.0000 0.0000 0.0000 0.0000 0.0000 0.0000 0.0000 0.0000 0.0000 0.0000 0.0000 0.0000 0.0000 0.0000 0.0000 0.0000 0.0000 0.0000 0.0000 0.0000 0.0000 0.0000
