# numpoly:1.0.6 names:q0,q1,q2,q3,q4 keys:;;;;;,;;;;<,;;;;=,;;;;>,;;;<;,;;;<<,;;;<=,;;;=;,;;;=<,;;<;;,;;<;<,;;<;=,;;<<;,;;=;;,;<;;;,;<;;<,;<;<;,;<;<<,;<<;;,;=;;;,<;;;;,<;;;<,<;;<;,<;;<<,<;<;;,<<;;;,=;;;; shape:9
# onwind solar H2 battery transmission offwind wind tsc gini
1538.3590 -59.5044 -42.5933 0.0000 -76.7974 465.3247 -30.3680 -110.7456 0.0000 632.2350 -32.2145 0.0000 11.6647 -280.6488 1340.9230 200.1358 321.2551 -280.1061 31.1751 -2376.0379 -2370.3245 -69.0089 -194.0627 20.0071 65.8528 3361.8222 -749.7340
604.6605 -143.6766 -37.0394 54.5171 136.8389 -66.4935 0.0000 26.5823 0.0000 -1073.1357 185.0747 0.0000 -13.2045 503.7122 22.1172 36.6213 -91.6472 0.0000 -46.9086 -296.0515 532.0875 -143.7040 31.9324 0.0000 -408.6002 875.3960 -341.4594
148.7354 125.6420 -142.7624 112.4791 -184.8715 143.2620 -172.8979 18.3013 29.2997 14.0913 -64.1154 0.0000 41.1149 0.0000 -32.6609 13.2436 -14.7385 0.0000 0.0000 0.0000 15.7321 46.1636 -18.4698 0.0000 0.0000 0.0000 0.0000
-24.6581 -139.7352 817.7637 -724.8888 468.9854 -1559.3058 1328.3604 173.2609 -287.5041 -129.0234 251.5293 -27.6873 -166.6973 0.0000 60.2939 -102.0163 67.9989 0.0000 0.0000 0.0000 84.5396 -150.2496 130.2669 -1.6549 61.5485 0.0000 -68.9204
242.2685 -209.3281 353.0383 -179.1912 -12.8920 -27.6213 0.0000 117.5878 0.0000 32.4322 29.0506 0.0000 0.0000 0.0000 212.4356 0.0000 44.0215 0.0000 -37.6246 122.4234 269.1091 -10.5613 -76.0365 0.0000 -1.5935 -595.4220 261.8734
29.4899 -9.7029 4.3600 0.0000 3.8394 -10.2432 0.0000 9.1447 0.0000 26.1193 5.2123 0.0000 -10.9335 0.0000 -362.8852 -16.8174 -12.8183 0.0000 0.0000 718.6798 238.1959 17.2426 35.0782 0.0000 0.0000 -1086.2065 424.0558
1620.1063 69.1652 -42.2078 0.0000 60.8000 216.6568 -20.6117 -90.4461 0.0000 569.8637 -18.1703 0.0000 0.0000 -215.0227 897.3486 -10.9181 105.3625 0.0000 49.9278 -1489.4979 -2189.8011 -22.8056 -129.4131 0.0000 26.7752 2189.3482 -250.0698
103.3580 8.5598 -10.8332 0.0000 32.6387 22.2198 0.0000 -11.1957 0.0000 27.3914 0.0000 0.0000 0.0000 0.0000 -62.2540 0.0000 0.0000 0.0000 0.0000 0.0000 52.0556 0.0000 0.0000 0.0000 0.0000 96.9482 -20.2850
0.4572 0.0233 0.0000 0.0000 0.0979 0.0000 0.0000 0.0000 0.0000 -0.0205 0.0000 0.0000 0.0000 0.0000 -0.0459 0.0000 0.0000 0.0000 0.0000 0.0000 0.1127 0.0000 0.0000 0.0000 0.0000 0.0000 0.0000
