# numpoly:1.0.6 names:q0,q1,q2,q3,q4 keys:;;;;;,;;;;<,;;;;=,;;;;>,;;;<;,;;;<<,;;;<=,;;;=;,;;;=<,;;;>;,;;<;;,;;<;<,;;<;=,;;<<;,;;<<<,;;=;;,;<;;;,;<;;<,;<;;=,;<;<;,;<<;;,;=;;;,<;;;;,<;;;<,<;;;=,<;;<;,<;;<<,<;;=;,<;<;;,<<;;;,<<;;<,<<;<;,<=;;;,=;;;;,=<;;; shape:9
# onwind solar H2 battery transmission offwind wind tsc gini
4766.0763 -211.9022 358.7620 -259.2317 -1214.1826 -463.7399 457.0154 7.8529 -57.7700 0.0000 216.9192 -68.4394 0.0000 32.6472 -91.4499 0.0000 15689.8026 393.1241 -176.3546 1375.5065 425.8830 -20594.4614 -31433.9752 0.0000 0.0000 1807.8808 0.0000 0.0000 -497.3248 9398.4719 0.0000 -1969.7258 24664.0257 28852.8068 -31188.9752
619.1920 -173.5962 -1.2742 36.4418 74.5209 -47.7531 0.0000 36.2864 -19.4751 0.0000 -1140.2518 179.4812 0.0000 -24.4905 0.0000 494.0522 59.0848 49.3156 0.0000 -61.3457 -17.0067 -323.8816 546.4944 -129.4716 0.0000 54.2852 0.0000 0.0000 -379.7947 836.2691 0.0000 0.0000 0.0000 -339.3662 0.0000
-145.8176 392.2624 -428.2300 135.6982 -770.4221 318.8201 17.9845 580.0820 -372.4272 0.0000 54.2996 -152.9815 93.7476 11.1692 -18.0149 0.0000 455.2457 52.7750 0.0000 -175.7244 0.0000 335.0287 600.0786 -242.2167 0.0000 -6.4166 337.3895 -141.8929 0.0000 -1178.1777 0.0000 0.0000 0.0000 351.3815 0.0000
-340.7857 -1247.3573 3873.1889 -2375.2417 970.2644 -1665.3648 1305.1108 3.3272 -53.1479 -157.2541 138.4082 -241.1658 0.0000 -274.4477 404.3702 8.4918 490.3802 -778.7084 0.0000 33.2661 0.0000 0.0000 773.6142 -1091.0546 511.5578 -325.5021 -742.1331 522.5649 -20.7414 -544.3758 878.0254 0.0000 0.0000 0.0000 0.0000
-64.7725 184.2174 -294.2545 141.8342 225.3950 -62.4192 -54.5549 -51.0570 106.3371 0.0000 58.6984 -31.7059 0.0000 -2.4274 0.0000 0.0000 471.4216 -61.3657 0.0000 -66.2736 0.0000 40.2239 147.2379 223.7979 0.0000 54.5700 -88.0161 0.0000 0.0000 -452.1097 0.0000 0.0000 0.0000 43.6895 0.0000
-3557.1876 364.3196 -306.1184 207.7984 105.9460 -10.8379 -318.2984 -203.4370 238.6920 0.0000 31.3935 -18.9496 0.0000 -60.8493 122.1474 -3.8662 -5326.0942 -225.7974 64.4654 228.3356 -183.1684 9420.5603 19668.9552 21.7410 0.0000 -4.4206 0.0000 0.0000 263.6085 -10389.2252 0.0000 0.0000 -11282.1082 -16714.4688 18344.3044
1021.0292 -36.3852 -64.0236 -31.6551 19.8678 45.1954 143.6449 -95.2395 0.0000 0.0000 355.7906 -70.2470 0.0000 -11.8657 0.0000 -13.5146 923.5926 46.0715 0.0000 0.0000 138.2046 0.0000 -2360.8983 256.4008 0.0000 232.4845 -297.3006 0.0000 -242.9986 -165.2373 0.0000 0.0000 0.0000 1247.4008 -336.5640
92.3827 8.8349 -11.3134 0.0000 32.9135 21.6383 0.0000 -10.4865 0.0000 0.0000 22.6863 0.0000 0.0000 0.0000 0.0000 0.0000 -47.8169 0.0000 0.0000 0.0000 0.0000 0.0000 64.7137 0.0000 0.0000 0.0000 0.0000 0.0000 0.0000 89.9771 0.0000 0.0000 0.0000 -23.7299 0.0000
0.1409 0.0000 0.0000 0.0000 0.0000 0.0000 0.0000 0.0000 0.0000 0.0000 0.0000 0.0000 0.0000 0.0000 0.0000 0.0000 0.0000 0.0000 0.0000 0.0000 0.0000 0.0000 0.0000 0.0000 0.0000 0.0000 0.0000 0.0000 0.0000 0.0000 0.0000 0.0000 0.0000 0.0000 0.0000
