# numpoly:1.0.6 names:q0,q1,q2,q3,q4 keys:;;;;;,;;;;<,;;;;=,;;;;>,;;;<;,;;;<<,;;;<=,;;;=;,;;;=<,;;<;;,;;<;<,;;<;=,;;<<;,;;<<<,;;=;;,;<;;;,;<;;<,;<;<;,;<<;;,;=;;;,<;;;;,<;;;<,<;;<;,<;;<<,<;<;;,<<;;;,<<;<;,<=;;;,=;;;;,=<;;; shape:9
# onwind solar H2 battery transmission offwind wind tsc gini
666.4749 751.5351 -851.4835 307.0763 784.0692 -257.6159 0.0000 -216.7143 182.7395 761.4543 -799.0819 203.7959 -305.4906 576.8555 -269.9748 -6389.0247 10.6569 -246.2809 183.0155 6421.9641 6065.5101 515.3657 -431.2990 -487.0696 230.7035 4502.2167 505.7751 -11327.8681 -11304.4054 11322.2083
1155.2782 -952.2882 945.4951 -129.4493 193.5682 -300.1193 0.0000 -13.1960 0.0000 -2358.8807 1432.5967 -538.3751 83.9541 -430.8885 1419.6957 -27.4812 -157.1658 41.1464 0.0000 -153.7154 1144.1504 -650.3138 -169.3714 551.7043 -1573.1471 773.7143 0.0000 0.0000 134.8234 0.0000
203.7361 123.0102 -108.9638 77.2933 -340.9858 219.3162 -172.7422 117.1267 0.0000 6.0692 -1.0557 0.0000 0.0000 0.0000 0.0000 -128.6058 0.0000 96.6866 0.0000 0.0000 106.3143 3.6544 -128.8487 0.0000 0.0000 39.4154 0.0000 0.0000 0.0000 0.0000
253.9983 -1303.0138 2222.0726 -1197.9702 663.1740 -1193.4145 799.1698 8.7188 -33.2621 -200.8917 226.0202 0.0000 86.7031 -139.8437 78.9048 96.1451 -121.7949 -124.0381 0.0000 0.0000 -110.6152 -61.4305 58.4466 0.0000 -144.9316 205.8021 0.0000 0.0000 0.0000 0.0000
409.1524 49.0160 -60.0220 0.0000 21.3590 -90.6120 73.0742 25.7520 0.0000 117.7947 0.0000 0.0000 0.0000 0.0000 -34.1314 -284.3558 -2.1286 0.0000 0.0000 0.0000 -24.5309 29.8503 2.7641 0.0000 0.0000 441.7889 0.0000 0.0000 -204.4294 0.0000
43.7395 -37.9550 65.0509 -35.5808 27.1451 9.0275 1.5806 0.0000 0.0000 38.9408 -14.6742 0.0000 16.7776 0.0000 0.0000 -660.7113 6.5309 -133.4182 -75.6005 1401.9393 558.7324 -1.0697 94.2352 0.0000 39.9590 -2170.1601 0.0000 0.0000 825.5724 0.0000
964.8019 423.5347 -565.3197 223.7403 327.9877 -94.1497 0.0000 -166.7796 118.2160 658.5519 -496.6372 40.6848 -205.8311 426.4541 -269.5808 980.5513 35.1158 51.2421 65.2762 -1401.6636 -1737.1778 437.0975 64.2097 -414.7267 341.3666 1825.6484 0.0000 0.0000 -540.8345 0.0000
85.4749 7.0327 -8.8664 0.0000 30.5878 19.3184 0.0000 -8.9610 0.0000 21.9114 0.0000 0.0000 0.0000 0.0000 0.0000 -29.3799 0.0000 0.0000 0.0000 0.0000 55.4377 0.0000 0.0000 0.0000 0.0000 65.2148 0.0000 0.0000 -7.2808 0.0000
0.3117 0.0000 0.0000 0.0000 0.0000 0.0000 0.0000 0.0000 0.0000 0.0000 0.0000 0.0000 0.0000 0.0000 0.0000 0.0000 0.0000 0.0000 0.0000 0.0000 0.0000 0.0000 0.0000 0.0000 0.0000 0.0000 0.0000 0.0000 0.0000 0.0000
