# numpoly:1.0.6 names:q0,q1,q2,q3,q4 keys:;;;;;,;;;;<,;;;;=,;;;;>,;;;<;,;;;<<,;;;<=,;;;=;,;;;=<,;;<;;,;;<;<,;;<;=,;;<<;,;;<<<,;;=;;,;<;;;,;<;;<,;<;<;,;<;<<,;<<;;,;=;;;,<;;;;,<;;;<,<;;;=,<;;<;,<;;<<,<;<;;,<<;;;,=;;;;,=;;;< shape:9
# onwind solar H2 battery transmission offwind wind tsc gini
1287.4247 -143.6555 220.9300 -157.2635 630.2932 -863.4597 42.2648 -149.9573 123.4071 828.4165 -530.8637 -259.9888 -480.1208 859.9145 -298.7018 2006.7614 18.6866 171.1221 0.0000 850.0710 -3897.1908 -4595.1144 1534.2423 196.6478 -261.5083 0.0000 -442.6064 6260.8608 -1164.6452 -951.8922
966.5216 -235.4349 297.0360 96.4243 474.8211 -142.5010 -393.2165 -45.1613 0.0000 -2792.5344 1094.9227 66.1984 75.3363 -824.3550 1508.2224 422.8632 -329.4077 -266.9037 430.4898 -394.0645 -334.2712 1799.6227 -1235.7922 0.0000 -242.9696 970.0378 -1099.4949 1082.1568 -311.7475 0.0000
180.0917 135.6634 -38.4227 0.0000 -372.4045 62.0378 -43.4298 164.3638 0.0000 27.5137 0.0000 0.0000 -18.0259 0.0000 0.0000 32.3234 0.0000 0.0000 0.0000 0.0000 0.0000 0.6725 0.0000 0.0000 -18.9981 0.0000 0.0000 0.0000 0.0000 0.0000
67.8433 -860.5063 1344.0360 -685.5357 396.3295 -529.2674 321.7236 21.8589 -35.2562 -102.0973 11.6401 203.0511 217.7457 -262.5401 0.8831 36.2714 -27.0934 -27.2547 0.0000 0.0000 0.0000 310.4178 -265.2427 0.0000 -108.5915 129.5539 -134.5561 0.0000 39.2661 0.0000
162.5398 16.9659 -40.7329 0.0000 190.9458 -139.3966 50.0117 -13.9710 22.5338 -19.3497 -83.7728 0.0000 61.9728 0.0000 0.0000 42.3756 65.7369 -148.8536 0.0000 0.0000 -16.6829 191.9688 99.4299 0.0000 0.0000 0.0000 75.3068 189.4211 -287.7560 0.0000
27.0124 2.3522 -93.0406 50.0218 -25.9075 69.5460 0.0000 -13.5442 0.0000 105.0186 7.9728 0.0000 6.0611 0.0000 0.0000 -1225.5847 -15.4779 -39.2485 0.0000 -315.1710 2314.0302 1322.4965 93.2793 0.0000 150.5335 -118.1548 234.5766 -3839.7182 1388.4637 0.0000
1148.0233 408.6351 -75.9183 -26.0993 418.5504 -567.5517 162.1187 -137.9096 56.8981 800.1890 -447.6551 -103.3749 -242.8355 511.3549 -276.0819 686.1906 0.0000 96.6985 0.0000 444.2108 -1418.5521 -2515.1828 285.6896 0.0000 -77.7173 -105.0278 -149.3180 2315.8551 -264.0291 0.0000
85.7430 7.5739 -11.2595 0.0000 32.8036 22.7460 0.0000 -12.0399 0.0000 22.2543 0.0000 0.0000 0.0000 0.0000 0.0000 -39.3527 0.0000 0.0000 0.0000 0.0000 0.0000 59.9321 0.0000 0.0000 0.0000 0.0000 0.0000 78.1630 -18.1587 0.0000
0.2446 0.0000 0.0000 0.0000 0.0000 0.0000 0.0000 0.0000 0.0000 0.0000 0.0000 0.0000 0.0000 0.0000 0.0000 0.0000 0.0000 0.0000 0.0000 0.0000 0.0000 0.0000 0.0000 0.0000 0.0000 0.0000 0.0000 0.0000 0.0000 0.0000
