# numpoly:1.0.6 names:q0,q1,q2,q3,q4 keys:;;;;;,;;;;<,;;;;=,;;;;>,;;;<;,;;;<<,;;;<=,;;;=;,;;;=<,;;<;;,;;<;<,;;<;=,;;<<;,;;=;;,;<;;;,;<;;<,;<;;=,;<;<;,;<<;;,;=;;;,<;;;;,<;;;<,<;;;=,<;;<;,<;<;;,<<;;;,<<;<;,=;;;;,=;;<; shape:9
# onwind solar H2 battery transmission offwind wind tsc gini
2026.8085 -955.8009 763.6088 0.0000 -549.0356 454.2669 0.0000 -79.5575 -171.5646 -402.5248 273.7957 -270.6820 -133.8735 202.3659 4218.0620 0.0000 0.0000 -1346.9921 790.9151 -4608.9494 -6180.7121 720.6282 -721.2085 2772.8725 -552.4351 5387.1412 1721.0279 178.6048 -2638.9513
414.2588 -199.7282 170.7758 -116.4809 65.3439 -326.9182 299.5820 190.9856 -172.1883 -722.5266 401.6708 -200.8494 41.5280 271.0369 -70.7828 76.7416 0.0000 -130.9108 0.0000 0.0000 353.3152 -260.1292 117.1898 18.1915 -295.6861 371.1213 0.0000 -58.1366 0.0000
30.4904 320.4887 -220.3275 135.0871 -112.3094 -199.8225 -113.4950 103.9034 156.2636 43.3112 -13.2206 0.0000 4.2676 0.0000 37.4016 5.6739 0.0000 13.2282 0.0000 0.0000 38.8662 22.5453 0.0000 -149.5613 0.0000 0.0000 0.0000 0.0000 0.0000
305.9490 -1249.3522 2587.8096 -1675.2796 548.6742 -1462.8579 1216.0176 18.5971 -187.1086 -68.7011 -143.8658 101.4502 0.0000 0.0000 25.2904 -273.3346 79.7985 34.1498 57.1581 0.0000 -44.6008 107.7062 -24.5865 59.0814 -9.2700 0.0000 0.0000 0.0000 0.0000
487.6241 -78.1427 38.2889 0.0000 91.5005 89.9070 -53.5884 26.6621 0.0000 -0.6450 23.0477 0.0000 0.0000 0.0000 101.9580 -2.5412 0.0000 -183.2308 0.0000 0.0000 -97.4100 0.0000 0.0000 86.1902 0.0000 95.1494 0.0000 0.0000 0.0000
18.0212 217.5307 -268.7012 76.0738 -99.2975 118.6382 -73.9306 -4.2506 0.0000 389.4978 0.0000 0.0000 19.4714 -162.1610 -1764.3522 -0.8110 0.0000 -23.4712 -309.0570 2678.3389 1588.7266 -193.4427 198.7487 141.5949 257.5310 -4013.8342 0.0000 1339.6402 0.0000
1576.5428 43.8011 -120.5424 94.0107 -65.4090 276.1385 -23.3194 -194.5191 0.0000 153.8465 -60.1467 0.0000 -97.4062 0.0000 1328.9271 0.0000 0.0000 41.9632 412.2901 -1794.7090 -2774.2314 85.5756 -142.4653 403.0487 -261.2813 2498.7966 0.0000 -95.4072 -241.3465
85.9106 8.2346 -10.5391 0.0000 31.0434 21.2268 0.0000 -10.3679 0.0000 26.9207 0.0000 0.0000 0.0000 0.0000 -45.2110 0.0000 0.0000 0.0000 0.0000 0.0000 66.9991 0.0000 0.0000 0.0000 0.0000 75.3352 0.0000 -20.4226 0.0000
0.6202 0.0069 0.0000 0.0000 0.0114 0.0000 0.0000 0.0000 0.0000 -0.0202 0.0000 0.0000 0.0000 0.0000 -0.0496 0.0000 0.0000 0.0000 0.0000 0.0000 0.0769 0.0000 0.0000 0.0000 0.0000 0.0000 0.0000 0.0000 0.0000
