# numpoly:1.0.6 names:q0,q1,q2,q3,q4 keys:;;;;;,;;;;<,;;;;=,;;;;>,;;;<;,;;;<<,;;;<=,;;;=;,;;;=<,;;<;;,;;<;<,;;<;=,;;<<;,;;<<<,;;=;;,;<;;;,;<;;<,;<;;=,;<;<;,;<;<<,;<<;;,;=;;;,<;;;;,<;;;<,<;;;=,<;;<;,<;;<<,<;<;;,<<;;;,<<;;<,=;;;;,=;;;<,=;;<; shape:9
# onwind solar H2 battery transmission offwind wind tsc gini
1735.0893 -849.2641 363.1493 0.0000 -425.2942 153.1659 203.9586 45.3654 0.0000 229.0315 279.8213 -281.9697 56.2017 0.0000 -568.8983 1799.5328 158.9521 -496.5860 -73.4095 622.6463 453.3207 -4304.9396 -3617.6038 898.7848 119.1777 596.4734 -964.7949 344.7647 7335.1690 186.6596 -2556.4716 -314.1784 -273.1778
-231.3286 364.8739 -191.5234 477.1148 808.4213 -745.8681 -788.4237 -202.9294 420.0658 -928.2369 -67.0492 462.5984 324.2690 -363.4172 1512.9898 432.4169 223.1640 -108.4163 -105.0907 0.0000 -711.3690 0.0000 1479.2501 -676.4421 -328.0398 -808.6393 1304.2569 -2064.3900 627.0914 0.0000 364.2356 0.0000 0.0000
92.2010 241.4843 -201.7632 52.5508 -241.8858 10.9973 0.0000 104.0174 0.0000 21.1067 -42.5502 0.0000 12.2944 0.0000 0.0000 13.3872 25.5807 0.0000 0.0000 0.0000 0.0000 0.0000 -36.3031 30.4032 0.0000 -12.9080 0.0000 0.0000 2.4627 0.0000 0.0000 0.0000 0.0000
398.6196 -1633.4088 2707.8636 -1372.0657 776.9545 -1551.2275 772.1524 0.0000 0.0000 -2.0912 100.7608 0.0000 -158.4813 0.0000 0.0000 -82.9147 26.3552 -10.4736 5.6676 0.0000 41.0489 0.0000 24.6574 -321.5667 95.6482 282.4854 -69.1570 -16.6678 0.0000 0.0000 29.6123 0.0000 0.0000
273.0767 14.9699 0.0000 0.0000 176.8700 -0.2950 0.0000 -52.2269 0.0000 81.0785 6.5542 0.0000 0.0000 0.0000 -14.8466 234.5312 0.0000 0.0000 -54.6838 0.0000 0.0000 0.0000 88.9354 0.0000 0.0000 0.0000 0.0000 0.0000 -174.4761 0.0000 50.7989 0.0000 0.0000
-169.6912 197.1988 -78.0642 -44.7448 64.0011 6.4637 115.4203 -18.0195 -39.8610 67.8419 36.0199 0.0000 -59.1979 0.0000 0.0000 -795.7642 -246.1007 93.5079 -162.1643 -34.5194 -36.5616 2417.2581 1184.0275 9.1369 0.0000 237.2720 0.0000 79.2897 -4465.5999 0.0000 1731.5318 0.0000 0.0000
1692.0745 -550.8450 60.6908 -110.1387 -499.6705 577.6480 461.2103 135.1219 -217.9385 196.7595 309.6351 -277.0963 -7.8439 12.6514 -505.0659 616.5765 0.0000 0.0000 97.7467 0.0000 318.7820 -1686.7801 -2038.7008 553.0080 0.0000 288.0977 -773.9790 509.4060 2880.5971 0.0000 -1095.4658 0.0000 0.0000
76.7005 7.9026 -10.5720 0.0000 31.2030 21.4291 0.0000 -10.7324 0.0000 26.9017 0.0000 0.0000 0.0000 0.0000 0.0000 -36.8873 0.0000 0.0000 0.0000 0.0000 0.0000 0.0000 77.9690 0.0000 0.0000 0.0000 0.0000 0.0000 64.8184 0.0000 -22.1421 0.0000 0.0000
0.5728 0.0033 0.0000 0.0000 0.0269 0.0000 0.0000 0.0000 0.0000 0.0569 0.0000 0.0000 0.0000 0.0000 0.0000 0.0137 0.0000 0.0000 0.0000 0.0000 0.0000 0.0000 -0.0174 0.0000 0.0000 0.0000 0.0000 0.0000 0.0000 0.0000 0.0000 0.0000 0.0000
