# numpoly:1.0.6 names:q0,q1,q2,q3,q4 keys:;;;;;,;;;;<,;;;;=,;;;;>,;;;<;,;;;<<,;;;<=,;;;=;,;;;=<,;;;>;,;;<;;,;;<;<,;;<;=,;;<<;,;;=;;,;<;;;,;<;;<,;<;;=,;<;<;,;<;<<,;<<;;,;=;;;,<;;;;,<;;;<,<;;;=,<;;<;,<;;<<,<;;=;,<;<;;,<<;;;,<<;;<,<<;<;,<=;;;,=;;;;,=;;;<,=;;<;,=<;;; shape:9
# onwind solar H2 battery transmission offwind wind tsc gini
4997.0038 285.9691 -540.3729 216.9079 155.6106 -147.7505 0.0000 622.9925 0.0000 -290.0215 874.7779 -173.7074 0.0000 -220.3084 -251.3947 -880.7001 1045.8517 0.0000 -966.9466 -66.3140 521.6634 -4796.5985 -15380.9306 -400.4220 0.0000 407.7526 147.6525 0.0000 -568.4021 15681.5149 -1195.7729 1717.4431 2034.7662 7425.8583 916.6062 -1419.5908 -8947.6560
704.7291 -9.4054 250.6679 -55.8238 -62.4336 242.7700 -293.8349 17.0886 -87.3895 0.0000 -1567.5331 158.3301 -39.0818 586.4145 881.2012 178.3843 -254.4964 -87.2767 -674.0918 507.6550 -380.6098 -199.6748 1185.7085 -881.7629 456.0131 -241.6637 0.0000 2.1376 -947.1196 1538.6792 0.0000 0.0000 0.0000 -482.8955 0.0000 0.0000 0.0000
411.3158 42.3865 -36.1587 0.0000 -643.0458 127.0448 -11.5511 292.2978 0.0000 0.0000 -23.2658 0.0000 0.0000 26.7624 0.0000 -5.6803 -8.6696 0.0000 -7.6890 0.0000 -1.6246 0.0000 290.0997 -16.9658 0.0000 -203.2499 0.0000 0.0000 0.0000 88.4916 0.0000 0.0000 0.0000 -56.7082 0.0000 0.0000 0.0000
107.6949 -551.9225 677.5766 -226.8907 1.7621 45.5128 -26.6983 -4.0920 0.0000 0.0000 -85.2212 190.1982 0.0000 11.9008 0.0000 31.3774 -117.4044 0.0000 -25.9560 0.0000 0.0000 0.0000 193.9245 -282.8460 49.5192 0.0000 0.0000 0.0000 -103.5394 115.3790 0.0000 0.0000 0.0000 0.0000 0.0000 0.0000 0.0000
292.4280 94.1688 -69.2480 0.0000 101.7580 -96.4052 37.5630 9.4843 0.0000 0.0000 100.2993 -24.1189 0.0000 -40.6407 0.0000 36.3580 0.1719 0.0000 69.4462 0.0000 0.0000 -214.2152 -311.0943 84.9930 0.0000 -76.1589 0.0000 0.0000 5.9524 556.6782 0.0000 0.0000 0.0000 -147.0116 0.0000 0.0000 0.0000
-107.4485 204.0151 30.2052 -61.4543 -25.4589 -179.8702 109.5202 34.9069 0.0000 0.0000 -165.4641 34.9998 0.0000 -1.4837 0.0000 -889.7073 -147.9406 0.0000 -212.4503 0.0000 -74.8955 1810.1555 1630.0455 -257.6121 0.0000 312.0140 0.0000 0.0000 331.0672 -3386.5837 258.2111 0.0000 0.0000 840.0867 0.0000 0.0000 0.0000
830.1808 429.5230 -400.3065 108.9685 275.2103 -240.1446 78.8579 50.1741 0.0000 0.0000 812.4960 -141.3831 0.0000 -254.1619 -255.0268 831.0085 58.9924 0.0000 217.5130 0.0000 364.5351 -1120.9861 -2006.9257 171.2476 0.0000 -92.1478 0.0000 0.0000 -236.4734 1387.9104 0.0000 0.0000 0.0000 30.3944 0.0000 0.0000 0.0000
94.9468 8.2592 -10.7022 0.0000 37.8851 21.5962 0.0000 -13.5498 0.0000 0.0000 23.3029 0.0000 0.0000 0.0000 0.0000 -50.4455 0.0000 0.0000 0.0000 0.0000 0.0000 0.0000 62.4351 0.0000 0.0000 0.0000 0.0000 0.0000 0.0000 93.8406 0.0000 0.0000 0.0000 -23.3486 0.0000 0.0000 0.0000
0.2783 0.0000 0.0000 0.0000 0.0000 0.0000 0.0000 0.0000 0.0000 0.0000 0.0000 0.0000 0.0000 0.0000 0.0000 0.0000 0.0000 0.0000 0.0000 0.0000 0.0000 0.0000 0.0000 0.0000 0.0000 0.0000 0.0000 0.0000 0.0000 0.0000 0.0000 0.0000 0.0000 0.0000 0.0000 0.0000 0.0000
