# numpoly:1.0.6 names:q0,q1,q2,q3,q4 keys:;;;;;,;;;;<,;;;;=,;;;;>,;;;<;,;;;<<,;;;<=,;;;=;,;;;=<,;;<;;,;;<;<,;;<;=,;;<<;,;;<<<,;;=;;,;;=;<,;<;;;,;<;;<,;<;<;,;<;<<,;<<;;,;=;;;,<;;;;,<;;;<,<;;;=,<;;<;,<;;<<,<;<;;,<;<;<,<<;;;,=;;;; shape:9
# onwind solar H2 battery transmission offwind wind tsc gini
1446.2869 -193.7740 408.8583 31.2455 1010.9448 -1083.0757 0.0000 -431.3317 381.0809 -141.5356 -95.6177 -278.3115 -227.8787 355.5577 -115.3315 0.0000 1575.9395 455.1575 413.7179 -558.3216 603.1014 -3659.2347 -3405.1154 421.9215 -403.0821 -677.2405 864.4934 251.2076 -143.1974 6034.0020 -1959.4617
-129.7889 403.9839 705.1477 -278.7123 -344.0738 391.9581 0.0000 346.7705 -320.3403 -868.3675 601.0946 -766.7469 -147.6421 76.6921 1453.6446 -481.9585 503.1848 -30.4977 -193.1286 0.0000 -276.9372 -274.4279 2324.7894 -3295.5145 805.7975 176.5120 0.0000 -2774.1792 1988.9354 664.3472 213.1950
267.8561 91.6071 -242.0174 91.3405 -581.2486 409.6353 0.0000 320.2085 -222.1311 -3.7681 -17.1164 0.0000 27.0556 0.0000 0.0000 0.0000 27.7893 0.0000 -6.1099 0.0000 0.0000 0.0000 120.5794 0.0000 0.0000 -130.2636 0.0000 0.0000 0.0000 6.3602 -18.6464
-49.4490 -514.6341 1231.5157 -763.7637 135.4375 -389.3715 208.4007 146.5740 0.0000 -48.4415 435.0976 -177.5356 0.0000 0.0000 4.9258 0.0000 122.9057 -102.0694 -54.5282 0.0000 0.0000 0.0000 417.9675 -1046.5137 620.9935 -79.7391 0.0000 -227.2601 0.0000 0.0000 149.4252
555.2073 27.6497 -12.8282 0.0000 49.5399 -23.2946 0.0000 0.0000 0.0000 67.3705 -48.0395 0.0000 0.0000 0.0000 -13.2936 0.0000 76.9953 45.9995 -102.3057 0.0000 0.0000 -210.5003 -380.8029 28.4944 0.0000 165.4544 -39.8802 0.0000 0.0000 483.6295 -87.2749
22.9002 -120.4408 -75.5871 0.0000 -270.8055 324.5852 0.0000 0.0000 0.0000 100.3428 -28.7729 90.0383 96.3115 -112.6372 -16.6359 0.0000 -1145.7951 0.0000 24.0128 0.0000 -190.0497 2175.7945 1328.7810 247.2477 0.0000 276.3610 -346.0430 123.9772 0.0000 -3665.8725 1216.2443
1469.3001 -148.6663 140.5801 59.7154 610.8108 -577.3889 0.0000 -409.1235 333.1495 158.4999 -250.8981 0.0000 0.0000 0.0000 -217.5441 0.0000 500.6975 49.4116 141.2940 -20.8304 306.9933 -1303.3226 -2314.9905 935.3807 -424.6560 -109.0835 67.4949 379.8722 -40.8186 2277.3016 -681.5658
93.0839 7.1919 -9.5179 0.0000 31.9137 20.9857 0.0000 -11.0680 0.0000 26.6010 0.0000 0.0000 0.0000 0.0000 0.0000 0.0000 -46.9422 0.0000 0.0000 0.0000 0.0000 0.0000 48.3615 0.0000 0.0000 0.0000 0.0000 0.0000 0.0000 77.6629 -10.9754
0.5584 -0.0068 0.0000 0.0000 0.0049 0.0000 0.0000 0.0000 0.0000 0.0493 0.0000 0.0000 0.0000 0.0000 0.0000 0.0000 0.0051 0.0000 0.0000 0.0000 0.0000 0.0000 0.0197 0.0000 0.0000 0.0000 0.0000 0.0000 0.0000 0.0000 0.0000
