# numpoly:1.0.6 names:q0,q1,q2,q3,q4 keys:;;;;;,;;;;<,;;;;=,;;;;>,;;;<;,;;;<<,;;;<=,;;;=;,;;;=<,;;;>;,;;<;;,;;<;<,;;<;=,;;<<;,;;<<<,;;=;;,;<;;;,;<;;<,;<;;=,;<;<;,;<;<<,;<;=;,;<<;;,;=;;;,<;;;;,<;;;<,<;;;=,<;;<;,<;;<<,<;;=;,<;<;;,<;<;<,<<;;;,<<;<;,=;;;;,=;;;< shape:9
# onwind solar H2 battery transmission offwind wind tsc gini
1271.7067 -53.4506 953.1803 -156.3232 159.6145 -395.6867 -475.1846 580.2272 265.8056 -342.0955 -153.7534 740.6632 -540.0443 15.4216 0.0000 -59.0153 2519.7985 -140.1612 442.1918 -750.4383 -628.5253 684.7461 426.2800 -3741.5055 -3227.3397 -1468.3780 -323.2448 23.2633 1454.5667 -905.2038 -152.6079 -221.1572 5887.4542 234.8000 -1719.8679 664.5232
780.4083 -101.5802 -256.2744 0.0000 -219.9193 672.8130 345.6718 -304.8502 -731.8770 345.5264 -1112.4085 -80.1581 0.0000 46.3168 73.9919 581.0908 122.1156 67.3876 0.0000 0.0000 0.0000 0.0000 -45.4929 -427.1148 349.1023 73.7749 0.0000 207.1710 -183.5141 0.0000 -461.8630 0.0000 1062.5898 0.0000 -344.5946 0.0000
310.0676 -40.7515 -100.7645 68.8841 -206.6869 419.2450 -157.1817 -78.2761 0.0000 0.0000 25.7690 -32.9559 0.0000 -8.8251 0.0000 0.0000 -107.1047 0.0000 0.0000 25.6595 0.0000 0.0000 0.0000 0.0000 -13.1864 0.0000 0.0000 0.0000 0.0000 0.0000 0.0000 0.0000 0.0000 0.0000 0.0000 0.0000
-19.7992 31.8537 220.4902 -167.7855 133.6795 -582.4197 279.4008 120.0374 0.0000 0.0000 -19.3239 48.3187 0.0000 -6.7580 0.0000 0.0000 -15.9113 0.0000 0.0000 0.0000 0.0000 0.0000 0.0000 0.0000 -11.4054 0.0000 0.0000 -1.1000 0.0000 0.0000 0.0000 0.0000 -4.4339 0.0000 0.0000 0.0000
469.2144 -11.3390 1.7215 0.0000 44.4839 -4.9227 16.2132 105.9612 -66.9411 0.0000 16.8359 0.0000 0.0000 0.0000 0.0000 0.0000 6.7253 0.0000 0.0000 -131.7097 0.0000 0.0000 0.0000 -34.3475 2.1751 26.2159 0.0000 50.6632 0.0000 0.0000 0.0000 0.0000 271.7058 0.0000 -163.5281 0.0000
-151.6202 175.6892 -288.5259 16.8338 -178.2179 -46.9484 253.6581 155.0936 -64.6686 0.0000 148.9825 -107.5499 124.7732 13.5209 0.0000 0.0000 -1091.4784 -73.9809 0.0000 -106.2887 108.1420 0.0000 -140.3298 2164.3022 1521.3206 276.5661 0.0000 271.2330 -437.4725 0.0000 87.9882 0.0000 -3670.3897 0.0000 1111.4614 0.0000
1237.8189 305.0728 198.3466 -59.0287 438.9512 -432.4305 -120.6109 -5.6672 31.4723 0.0000 260.2030 3.0189 -36.4701 21.8499 0.0000 -73.7608 860.6237 -171.0351 111.3794 0.0000 0.0000 0.0000 248.8869 -1395.2807 -2139.0366 -384.8927 -66.1658 -489.0504 611.0915 -37.7386 -156.5623 0.0000 2285.2793 0.0000 -134.7059 46.3013
93.7278 4.2681 -8.4831 0.0000 36.0744 19.6934 0.0000 -12.4177 0.0000 0.0000 27.2205 0.0000 0.0000 0.0000 0.0000 0.0000 -49.3340 0.0000 0.0000 0.0000 0.0000 0.0000 0.0000 0.0000 54.7742 0.0000 0.0000 0.0000 0.0000 0.0000 0.0000 0.0000 73.8420 0.0000 -14.6449 0.0000
0.5488 0.0048 0.0000 0.0000 0.0410 0.0000 0.0000 0.0000 0.0000 0.0000 -0.0030 0.0000 0.0000 0.0000 0.0000 0.0000 0.0249 0.0000 0.0000 0.0000 0.0000 0.0000 0.0000 0.0000 0.0303 0.0000 0.0000 0.0000 0.0000 0.0000 0.0000 0.0000 0.0000 0.0000 0.0000 0.0000
