# numpoly:1.0.6 names:q0,q1,q2,q3,q4 keys:;;;;;,;;;;<,;;;;=,;;;;>,;;;<;,;;;<<,;;;<=,;;;=;,;;;=<,;;;>;,;;<;;,;;<;<,;;<;=,;;<<;,;;<<<,;;<=;,;;=;;,;<;;;,;<;;<,;<;;=,;<;<;,;<;<<,;<;=;,;<<;;,;=;;;,<;;;;,<;;;<,<;;;=,<;;<;,<;;<<,<;<;;,<;<;<,<;<<;,<<;;;,<<;;<,<<;<;,=;;;;,=;;;<,=;;<;,=<;;; shape:9
# onwind solar H2 battery transmission offwind wind tsc gini
4824.0629 90.4993 -91.8137 0.0000 806.9555 -409.6766 0.0000 169.8762 0.0000 -324.4447 132.1024 -114.7714 0.0000 -12.3928 -113.5891 0.0000 -12.4783 -2244.5469 1270.1767 0.0000 -586.6058 -486.9739 516.6243 473.4263 -3103.4741 -12370.1901 -673.4484 -18.6811 -825.6832 1027.4184 -342.2055 0.0000 90.2847 14993.3559 -1104.4716 668.4298 4449.0148 675.2977 -476.9605 -6021.1092
842.6593 -217.1828 376.7659 -38.1562 -952.7975 653.3686 -170.9851 524.4049 -206.4360 0.0000 -1396.5197 185.8174 -405.4755 1051.4467 136.5814 -472.2032 773.1451 45.5685 116.3396 -107.6670 -528.5014 81.6238 0.0000 -310.7338 -108.7211 1371.7364 -1317.7968 534.1013 68.4027 -196.8669 -1255.3579 491.3768 0.0000 1239.9844 0.0000 0.0000 -390.4154 0.0000 0.0000 0.0000
377.4119 -8.0703 -6.0664 1.0077 -609.8594 210.0234 -63.5189 262.6147 0.0000 0.0000 -32.9227 0.0000 0.0000 41.4469 0.0000 0.0000 0.0000 18.6512 -14.1819 0.0000 0.0000 0.0000 0.0000 -14.1693 0.0000 276.4692 -10.1721 0.0000 -218.5123 0.0000 12.0170 0.0000 0.0000 64.9346 0.0000 0.0000 -47.6748 0.0000 0.0000 0.0000
61.7975 -560.6169 704.3336 -253.9147 33.2343 0.2455 0.0000 4.5041 0.0000 0.0000 -90.7964 237.9102 -31.7605 3.8212 0.0000 0.0000 0.0000 72.2469 -100.1813 0.0000 -49.8177 0.0000 0.0000 0.0000 0.0000 255.8141 -348.3142 97.7671 0.0000 0.0000 -108.4646 0.0000 0.0000 71.1851 0.0000 0.0000 0.0000 0.0000 0.0000 0.0000
332.0458 56.8959 -29.3044 0.0000 119.4982 -59.0598 0.0000 0.0000 0.0000 0.0000 52.3840 -17.5665 0.0000 -12.6574 0.0000 0.0000 0.0000 64.3069 4.5247 0.0000 38.0989 0.0000 0.0000 0.0000 -208.1827 -374.1687 63.6356 0.0000 -77.5100 0.0000 29.0843 0.0000 0.0000 541.3964 0.0000 0.0000 -112.1854 0.0000 0.0000 0.0000
-16.5468 -47.4980 -41.6565 0.0000 -114.5341 21.8390 43.7384 64.6120 0.0000 0.0000 -30.5805 27.4187 0.0000 -89.1430 0.0000 0.0000 0.0000 -1154.6920 54.9129 0.0000 -141.3052 0.0000 0.0000 -22.5565 1795.5944 1602.3277 97.0139 0.0000 362.8360 -170.5705 186.2232 0.0000 0.0000 -3139.4573 0.0000 0.0000 784.2881 0.0000 0.0000 0.0000
1131.1948 400.9930 -160.7700 0.0000 353.0093 -469.0865 113.9979 14.4754 0.0000 -12.8320 315.5939 -168.1164 0.0000 -102.0194 0.0000 0.0000 -73.9038 792.0623 117.2794 0.0000 316.1276 -104.2158 0.0000 305.5381 -1150.2207 -2162.2030 23.1447 -45.6132 -298.2286 329.4384 -74.2030 0.0000 0.0000 1486.1728 0.0000 0.0000 57.5727 0.0000 0.0000 0.0000
90.9062 10.5434 -11.5002 0.0000 34.9097 19.7836 0.0000 -11.2093 0.0000 0.0000 23.3280 0.0000 0.0000 0.0000 0.0000 0.0000 0.0000 -39.8445 0.0000 0.0000 0.0000 0.0000 0.0000 0.0000 0.0000 55.6787 0.0000 0.0000 0.0000 0.0000 0.0000 0.0000 0.0000 80.9663 0.0000 0.0000 -13.9646 0.0000 0.0000 0.0000
0.2681 0.0000 0.0000 0.0000 0.0000 0.0000 0.0000 0.0000 0.0000 0.0000 0.0000 0.0000 0.0000 0.0000 0.0000 0.0000 0.0000 0.0000 0.0000 0.0000 0.0000 0.0000 0.0000 0.0000 0.0000 0.0000 0.0000 0.0000 0.0000 0.0000 0.0000 0.0000 0.0000 0.0000 0.0000 0.0000 0.0000 0.0000 0.0000 0.0000
