# numpoly:1.0.6 names:q0,q1,q2,q3,q4 keys:;;;;;,;;;;<,;;;;=,;;;;>,;;;<;,;;;<<,;;;<=,;;;=;,;;;=<,;;<;;,;;<;<,;;<;=,;;<<;,;;<<<,;;=;;,;<;;;,;<;;<,;<;;=,;<;<;,;<;<<,;<<;;,;=;;;,<;;;;,<;;;<,<;;;=,<;;<;,<;;<<,<;<;;,<;<<;,<<;;;,<<;<;,=;;;;,=;;<;,=<;;; shape:9
# onwind solar H2 battery transmission offwind wind tsc gini
1664.6993 -135.1507 328.1672 -219.8323 -668.4584 313.8805 257.7660 142.1740 -447.6651 462.2105 -82.1871 -87.1548 1.2102 0.0000 -39.4294 4224.9788 306.6172 0.0000 -525.7431 -46.9358 672.6378 -4689.1776 -6613.0206 -528.5263 0.0000 1925.6721 230.4506 -862.2089 -113.2978 6627.4102 562.8800 222.1455 -1406.3892 -483.5679
143.0994 32.4174 -47.7726 0.0000 95.9966 -278.6314 131.1916 74.9447 -4.2018 -368.0676 77.1354 -13.8155 42.1816 0.0000 164.5874 -63.9179 67.4627 0.0000 -128.5476 0.0000 0.0000 -91.4489 181.2990 -38.5893 0.0000 0.2529 0.0000 -252.4585 0.0000 475.4899 0.0000 -136.9789 0.0000 0.0000
81.6395 333.4636 -269.9378 129.5094 -139.8287 -236.3665 -23.6420 125.1595 106.2896 25.4352 0.0000 0.0000 0.0000 0.0000 0.0000 -30.9454 34.1647 0.0000 0.0000 0.0000 0.0000 0.0000 82.7725 0.0000 0.0000 -91.3936 0.0000 0.0000 0.0000 -9.1057 0.0000 0.0000 0.0000 0.0000
-58.4573 -1079.4466 3087.1720 -2056.0519 715.3713 -1497.5644 1051.7442 -140.3127 -0.4517 117.0706 -354.2151 201.4131 0.0000 0.0000 0.0000 390.5028 -972.1431 544.6521 67.0240 0.0000 0.0000 0.0000 -102.1935 134.0103 -25.1534 27.2107 0.0000 0.0000 0.0000 0.0000 0.0000 0.0000 0.0000 0.0000
334.5650 -79.0404 6.6527 18.2074 81.2707 123.4054 -79.8588 -14.8284 0.0000 13.7299 0.0000 0.0000 -40.3011 0.0000 0.0000 146.9371 -8.8751 0.0000 -58.1066 0.0000 -48.4424 0.0000 -119.0232 43.3784 0.0000 51.9565 0.0000 87.1314 0.0000 0.0000 0.0000 0.0000 0.0000 0.0000
386.1454 128.9922 -353.4084 227.8559 -79.2577 202.9574 -216.3657 -100.1790 122.1731 -129.3664 70.5953 0.0000 27.4854 0.0000 0.0000 -2218.4904 -138.5697 0.0000 66.5129 8.3945 -174.7973 2733.8229 1859.6489 177.3444 0.0000 48.0312 -77.4697 357.3388 0.0000 -3986.1658 0.0000 1229.0315 0.0000 0.0000
1307.0701 41.3531 -54.7615 0.0000 -87.2224 411.9566 0.0000 -86.2135 -133.5538 527.7724 -88.5592 0.0000 -35.7214 -24.9143 -93.6653 1899.7825 119.5854 0.0000 0.0000 0.0000 397.2213 -1787.7272 -2750.6020 -224.5680 0.0000 246.6859 0.0000 -524.9715 0.0000 2137.6816 0.0000 60.6340 -84.8621 0.0000
84.6119 9.5309 -12.0302 0.0000 36.1761 21.8901 0.0000 -12.9527 0.0000 23.3350 0.0000 0.0000 0.0000 0.0000 0.0000 -40.5757 0.0000 0.0000 0.0000 0.0000 0.0000 0.0000 72.3569 0.0000 0.0000 0.0000 0.0000 0.0000 0.0000 81.5782 0.0000 -24.5926 0.0000 0.0000
0.3044 0.0000 0.0000 0.0000 0.0000 0.0000 0.0000 0.0000 0.0000 0.0000 0.0000 0.0000 0.0000 0.0000 0.0000 0.0000 0.0000 0.0000 0.0000 0.0000 0.0000 0.0000 0.0000 0.0000 0.0000 0.0000 0.0000 0.0000 0.0000 0.0000 0.0000 0.0000 0.0000 0.0000
