# numpoly:1.0.6 names:q0,q1,q2,q3,q4 keys:;;;;;,;;;;<,;;;;=,;;;;>,;;;<;,;;;<<,;;;<=,;;;=;,;;;=<,;;;>;,;;<;;,;;<;<,;;<;=,;;<<;,;;<<<,;;=;;,;;=;<,;;=<;,;<;;;,;<;;<,;<;;=,;<;<;,;<<;;,;<<;<,;=;;;,<;;;;,<;;;<,<;;;=,<;;<;,<;;<<,<;;=;,<;<;;,<;<;<,<;<<;,<<;;;,<<;;<,=;;;;,=;;;< shape:9
# onwind solar H2 battery transmission offwind wind tsc gini
-200.4927 1302.7942 -462.8596 490.0682 2045.5293 301.3962 -363.8434 -1631.2901 0.0000 129.3724 97.1696 829.8484 0.0000 -659.5103 65.9217 -270.4484 -494.7598 272.6220 3014.1545 -1377.0135 0.0000 -58.0172 335.0445 -333.5641 -4772.0315 -1035.7965 -1965.4029 -295.2280 -2068.1494 0.0000 1699.7639 130.1362 335.9462 0.0000 7012.5479 2386.4152 -3418.7245 -211.3563
295.4158 -1200.8092 41.6296 138.6571 745.8489 226.9966 -255.6988 14.3084 39.8882 0.0000 -1519.6554 636.3036 346.3017 -356.2205 0.0000 1390.9500 0.0000 0.0000 435.3043 1047.1334 -779.8984 0.0000 -552.8765 0.0000 0.0000 1402.7841 226.8711 290.8441 -803.3511 0.0000 0.0000 -1216.2753 -992.9160 569.5394 118.7467 0.0000 118.8064 181.1099
-11.3050 305.4688 -179.1497 -1.2504 -99.9590 -234.5612 168.8130 77.2289 0.0000 0.0000 17.1625 -11.6349 0.0000 5.0816 0.0000 0.0000 0.0000 0.0000 24.3410 38.0459 0.0000 -13.1310 0.0000 0.0000 0.0000 -29.9691 0.0000 0.0000 0.0000 0.0000 0.0000 0.0000 0.0000 0.0000 0.0000 0.0000 0.0000 0.0000
-139.1001 -1675.2314 2231.4119 -651.8082 1648.6482 -855.9736 -875.6358 -1015.9258 1252.9779 0.0000 64.5407 -301.5120 318.5216 164.9029 -141.6249 0.0000 0.0000 0.0000 154.5298 35.3414 0.0000 20.1955 16.8203 0.0000 -169.5698 405.5340 -381.3762 68.3551 -61.3090 98.8855 0.0000 -44.5786 0.0000 0.0000 66.6425 0.0000 0.0000 0.0000
428.7408 -21.9457 36.5483 0.0000 8.9319 261.2810 -129.9613 -67.1468 0.0000 0.0000 139.7562 0.0000 0.0000 -68.3614 0.0000 -21.1532 0.0000 0.0000 49.2941 -90.0636 0.0000 94.8764 0.0000 0.0000 0.0000 79.3841 55.9597 0.0000 -36.2829 0.0000 0.0000 0.0000 0.0000 0.0000 -83.0890 0.0000 0.0000 0.0000
4.0502 -252.1525 261.5431 -213.8737 158.4990 -321.7737 331.4161 39.1951 -59.8608 0.0000 133.8481 28.7899 0.0000 20.9041 -33.7162 0.0000 0.0000 0.0000 -1180.8454 93.8872 0.0000 0.0000 0.0000 0.0000 2680.1122 894.5431 555.4929 0.0000 22.6875 0.0000 -47.2708 0.0000 0.0000 0.0000 -4629.2322 -474.1344 2105.9526 0.0000
1085.9053 32.5924 22.6662 175.3502 738.0498 -118.5957 0.0000 -541.3795 0.0000 0.0000 381.6132 60.0412 -8.1387 -186.4096 0.0000 -382.5122 0.0000 0.0000 752.3722 13.9221 0.0000 -66.6956 132.3574 0.0000 -1869.4540 -1653.1625 261.8804 -366.5104 -663.8599 0.0000 681.8157 380.5221 0.0000 0.0000 3420.0109 0.0000 -1366.8959 0.0000
81.4999 11.2603 -10.9534 0.0000 35.4823 22.6093 0.0000 -11.4272 0.0000 0.0000 28.6166 0.0000 0.0000 0.0000 0.0000 0.0000 0.0000 0.0000 -42.4519 0.0000 0.0000 0.0000 0.0000 0.0000 0.0000 62.3268 0.0000 0.0000 0.0000 0.0000 0.0000 0.0000 0.0000 0.0000 73.3616 0.0000 -13.9465 0.0000
0.5916 0.0118 0.0000 0.0000 -0.0071 0.0000 0.0000 0.0000 0.0000 0.0000 0.0504 0.0000 0.0000 0.0000 0.0000 0.0000 0.0000 0.0000 0.0147 0.0000 0.0000 0.0000 0.0000 0.0000 0.0000 -0.0133 0.0000 0.0000 0.0000 0.0000 0.0000 0.0000 0.0000 0.0000 0.0000 0.0000 0.0000 0.0000
