# numpoly:1.0.6 names:q0,q1,q2,q3,q4 keys:;;;;;,;;;;<,;;;;=,;;;;>,;;;<;,;;;<<,;;;<=,;;;=;,;;;=<,;;<;;,;;<;<,;;<;=,;;<<;,;;=;;,;<;;;,;<;;<,;<;;=,;<;<;,;<;<<,;<<;;,;<<;<,;=;;;,<;;;;,<;;;<,<;;;=,<;;<;,<;;<<,<;<;;,<<;;;,<<;;<,<=;;;,=;;;;,=<;;; shape:9
# onwind solar H2 battery transmission offwind wind tsc gini
534.6212 125.6923 -189.0472 0.0000 -42.4672 258.6754 0.0000 -59.2194 -27.1673 396.3382 -383.5143 186.5768 -114.2355 -92.6332 17912.9759 74.6950 0.0000 -211.9969 0.0000 373.8993 0.0000 -16647.3809 -20785.4455 150.9102 0.0000 372.2780 -201.3702 -320.5931 -2221.8638 0.0000 21157.7851 23074.8819 -23191.8084
899.9196 -892.8878 1088.5686 -413.0066 -27.8796 -389.8845 518.9525 441.0988 -465.3801 -1324.6098 1234.3517 -822.5625 75.6042 734.4417 443.4019 -485.0917 243.4964 -286.5701 0.0000 -1000.0700 73.4317 -782.6031 -63.0584 -127.5375 0.0000 -51.6166 191.5711 0.0000 3153.1850 -63.7385 0.0000 -1577.6856 0.0000
146.0357 156.5421 -129.0750 90.1830 -216.5077 -19.4348 -108.1088 96.2799 55.7570 -1.0116 -18.0016 0.0000 33.9134 0.0000 49.5334 96.2602 0.0000 -129.4972 0.0000 0.0000 0.0000 0.0000 -18.8776 -36.3679 0.0000 40.1655 0.0000 0.0000 0.0000 0.0000 0.0000 0.0000 0.0000
103.9636 -43.2264 941.0891 -1014.7276 316.4410 -995.1337 967.1174 190.6356 -339.7655 -82.1769 164.1846 -39.9107 -59.7711 0.0000 -105.6260 -1220.6597 982.7710 497.3542 -337.5708 0.0000 0.0000 0.0000 -39.6545 301.5275 -259.2093 -436.6397 442.7587 0.0000 449.8581 -162.5459 0.0000 -134.2161 0.0000
454.0257 -61.4397 20.5101 24.0986 102.9065 91.2538 -110.3189 -6.6486 31.8696 116.5089 9.9818 0.0000 -51.6251 0.0000 -293.2702 -63.5081 0.0000 149.1912 0.0000 0.0000 0.0000 -131.3746 -288.4276 62.3951 0.0000 -105.2600 0.0000 -62.4069 708.2968 0.0000 0.0000 -167.8636 0.0000
-2746.1911 219.7961 -268.2080 155.9739 95.0516 116.4908 -134.9753 -27.0967 0.0000 -92.9283 0.0000 0.0000 0.0000 0.0000 20.3805 33.0661 0.0000 73.2382 -80.8799 -50.1420 0.0000 2493.4691 11929.0497 -209.6957 0.0000 -191.2208 280.7304 254.1650 -9602.8533 0.0000 -2300.3287 -7426.1789 8033.1442
1229.2078 505.8409 -536.5122 105.8057 99.1084 276.5296 -69.5620 -115.2199 0.0000 587.2888 -612.2434 360.3593 -115.7616 -183.1232 942.2946 54.1867 0.0000 -148.7308 0.0000 231.9431 0.0000 515.3686 -4298.8774 26.1397 0.0000 211.9163 -27.9723 -44.7171 -1777.2891 0.0000 1526.1525 5311.4572 -3357.4573
97.4445 7.9261 -11.3806 0.0000 34.3281 23.1798 0.0000 -11.6707 0.0000 23.9562 0.0000 0.0000 0.0000 0.0000 -53.7732 0.0000 0.0000 0.0000 0.0000 0.0000 0.0000 0.0000 62.1605 0.0000 0.0000 0.0000 0.0000 0.0000 97.8863 0.0000 0.0000 -25.5119 0.0000
0.0959 0.0000 0.0000 0.0000 0.0000 0.0000 0.0000 0.0000 0.0000 0.0000 0.0000 0.0000 0.0000 0.0000 0.0000 0.0000 0.0000 0.0000 0.0000 0.0000 0.0000 0.0000 0.0000 0.0000 0.0000 0.0000 0.0000 0.0000 0.0000 0.0000 0.0000 0.0000 0.0000
