# numpoly:1.0.6 names:q0,q1,q2,q3,q4 keys:;;;;;,;;;;<,;;;;=,;;;;>,;;;<;,;;;<<,;;;<=,;;;=;,;;;=<,;;;>;,;;<;;,;;<;<,;;<;=,;;<<;,;;=;;,;<;;;,;<;;<,;<;;=,;<;<;,;<;=;,;<<;;,;=;;;,<;;;;,<;;;<,<;;;=,<;;<;,<;;=;,<;<;;,<<;;;,<<;;<,<<;<;,=;;;; shape:9
# onwind solar H2 battery transmission offwind wind tsc gini
1696.3003 -702.7796 388.7627 -66.5681 138.6406 -144.1792 20.9545 516.2196 0.0000 -211.6743 147.2197 575.7005 -460.7101 -91.6835 -13.8897 2478.8231 215.6183 241.7925 -950.2068 490.6814 352.0249 -3339.9155 -4851.5159 576.4538 -96.5131 632.4344 -696.9201 -438.4962 5620.9318 -654.0440 308.3278 -848.1407
890.2947 -39.4039 -97.7876 0.0000 -436.0682 543.4203 42.2173 48.4734 -305.7241 0.0000 -1123.9153 -148.9956 0.0000 147.7467 464.9518 -20.1524 80.3673 0.0000 0.0000 0.0000 -81.1553 -422.0496 508.4119 36.3627 0.0000 21.2897 0.0000 -200.1224 1153.9566 0.0000 0.0000 -613.9084
164.2852 -47.5000 39.4604 80.1850 86.5603 54.1226 -340.2564 -243.6137 336.1731 0.0000 3.6163 -8.5839 0.0000 0.0000 0.0000 3.9324 0.0000 0.0000 30.4025 0.0000 0.0000 0.0000 11.8187 -2.8514 0.0000 0.0000 0.0000 0.0000 0.0000 0.0000 0.0000 0.0000
26.1472 58.8053 -30.1545 -66.6849 -127.6454 -136.1943 297.5246 226.4104 -245.5954 0.0000 -7.9830 9.4784 0.0000 -1.7017 0.0000 -1.0002 0.0000 0.0000 0.0000 0.0000 0.0000 0.0000 -3.5279 2.8001 0.0000 0.0000 0.0000 0.0000 0.0000 0.0000 0.0000 0.0000
289.6928 -32.5666 -45.5568 0.0000 -34.0329 131.6255 66.5764 124.1044 -165.0197 0.0000 45.2921 0.0000 0.0000 0.0000 0.0000 24.8742 0.0000 0.0000 -123.5580 0.0000 0.0000 0.0000 14.0369 44.8155 0.0000 5.5215 0.0000 0.0000 237.7500 0.0000 0.0000 -153.0260
-13.8781 69.1069 -95.9007 0.0000 -152.5057 41.3608 89.4051 -8.5293 -84.9696 63.6417 12.8935 -50.1621 40.4533 58.6221 0.0000 -1271.6402 0.0000 0.0000 0.0000 0.0000 -124.4587 1982.1024 1815.8986 23.6848 0.0000 0.0000 0.0000 123.2266 -3363.1352 0.0000 0.0000 968.0046
1334.9920 141.7324 -33.9279 -27.1710 81.1136 -103.6360 214.0070 133.4620 -169.8553 0.0000 353.4355 61.2399 -48.6052 -14.1612 -28.9261 939.1788 -20.6185 0.0000 0.0000 0.0000 133.0096 -1204.5622 -2359.1304 -82.3588 0.0000 -26.0325 -45.2936 -281.4007 1975.5385 0.0000 0.0000 48.3608
84.0680 6.6653 -9.6689 0.0000 35.3362 21.6648 0.0000 -12.7142 0.0000 0.0000 22.5428 0.0000 0.0000 0.0000 0.0000 -40.5462 0.0000 0.0000 0.0000 0.0000 0.0000 0.0000 71.4285 0.0000 0.0000 0.0000 0.0000 0.0000 81.1272 0.0000 0.0000 -24.8702
0.1507 0.0000 0.0000 0.0000 0.0000 0.0000 0.0000 0.0000 0.0000 0.0000 0.0000 0.0000 0.0000 0.0000 0.0000 0.0000 0.0000 0.0000 0.0000 0.0000 0.0000 0.0000 0.0000 0.0000 0.0000 0.0000 0.0000 0.0000 0.0000 0.0000 0.0000 0.0000
