# numpoly:1.0.6 names:q0,q1,q2,q3,q4 keys:;;;;;,;;;;<,;;;;=,;;;;>,;;;<;,;;;<<,;;;<=,;;;=;,;;;=<,;;<;;,;;<;<,;;<;=,;;<<;,;;<<<,;;=;;,;;=;<,;<;;;,;<;;<,;<;<;,;<;<<,;<<;;,;=;;;,<;;;;,<;;;<,<;;;=,<;;<;,<;;<<,<;<;;,<;<;<,<;<<;,<<;;;,<<;;<,=;;;;,=;;<; shape:9
# onwind solar H2 battery transmission offwind wind tsc gini
2454.9728 -1156.0715 -377.7141 382.9784 591.3119 -525.9637 0.0000 -429.9023 561.6973 -1070.9017 1121.2734 0.0000 278.2107 -260.9660 -37.9873 0.0000 2323.1890 94.4509 76.0199 -122.6127 443.7353 -3384.0623 -5539.4504 2455.0192 -591.5794 -240.8480 166.2662 1203.4654 -1587.9245 0.0000 5623.7746 0.0000 -1483.2935 -80.5504
432.8080 699.4262 602.2727 -228.6599 -1454.5685 794.1944 208.6118 530.3274 -685.1647 -1364.8711 347.0013 -899.9303 404.6855 244.1454 1760.4968 -946.1864 76.3361 -8.7430 -59.9276 0.0000 -350.4662 0.0000 2267.3022 -3806.2107 761.4749 1532.6347 -507.8164 -2761.7445 3249.0782 -1028.3133 513.5194 -25.5517 114.1520 0.0000
171.1154 135.8969 -132.0628 93.0537 -330.6695 164.8500 -149.9759 149.1964 0.0000 -24.9397 0.0000 0.0000 27.1938 0.0000 0.0000 0.0000 0.8815 0.0000 0.0000 0.0000 0.0000 0.0000 148.1618 -59.8431 0.0000 -154.6973 83.7553 0.0000 0.0000 0.0000 0.0000 0.0000 0.0000 0.0000
-150.5507 -307.9130 1712.5391 -1397.8541 491.7884 -1372.1122 1069.3374 188.1830 -207.0331 54.9171 119.8658 0.0000 -22.7429 0.0000 9.9110 0.0000 70.9671 -77.2071 0.0000 0.0000 0.0000 24.4699 333.3851 -1174.8669 769.8150 0.0000 0.0000 -191.1770 0.0000 0.0000 -39.6189 0.0000 156.6834 0.0000
212.2207 18.7654 15.9069 0.0000 82.3276 -79.0838 0.0000 21.3714 0.0000 30.9298 27.0289 0.0000 -11.2416 0.0000 0.0000 0.0000 35.4163 34.3055 -145.2386 0.0000 0.0000 0.0000 -96.8521 -57.6637 0.0000 149.2371 0.0000 0.0000 0.0000 0.0000 183.6929 0.0000 -89.2394 0.0000
-88.7423 28.5772 4.8696 0.0000 -2.7851 -8.2338 0.0000 -45.8972 0.0000 140.0317 29.3768 0.0000 0.0000 0.0000 -88.3369 0.0000 -1302.0575 0.0000 32.1792 0.0000 -18.1388 1997.9807 1734.3555 -45.6619 0.0000 63.8086 0.0000 48.6259 0.0000 0.0000 -3590.7534 0.0000 1231.4067 0.0000
2084.3967 -742.0637 -326.6477 351.0494 660.2295 -565.8999 0.0000 -443.2789 498.8920 -393.5729 625.9762 0.0000 156.5738 -85.7705 -225.4033 0.0000 970.6983 4.6180 41.3757 0.0000 309.6280 -1229.9599 -3635.3768 2087.2357 -575.1794 -190.0933 0.0000 1027.7125 -1100.3653 0.0000 1947.4021 0.0000 -241.1204 0.0000
87.4503 8.0060 -10.9272 0.0000 31.9521 21.8185 0.0000 -10.9921 0.0000 21.7971 0.0000 0.0000 0.0000 0.0000 0.0000 0.0000 -42.5657 0.0000 0.0000 0.0000 0.0000 0.0000 59.4765 0.0000 0.0000 0.0000 0.0000 0.0000 0.0000 0.0000 82.3165 0.0000 -19.7649 0.0000
0.1657 0.0000 0.0000 0.0000 0.0000 0.0000 0.0000 0.0000 0.0000 0.0000 0.0000 0.0000 0.0000 0.0000 0.0000 0.0000 0.0000 0.0000 0.0000 0.0000 0.0000 0.0000 0.0000 0.0000 0.0000 0.0000 0.0000 0.0000 0.0000 0.0000 0.0000 0.0000 0.0000 0.0000
