# numpoly:1.0.6 names:q0,q1,q2,q3,q4 keys:;;;;;,;;;;<,;;;;=,;;;;>,;;;<;,;;;<<,;;;<=,;;;=;,;;;=<,;;;>;,;;<;;,;;<;<,;;<;=,;;<<;,;;=;;,;<;;;,;<;;<,;<;;=,;<;<;,;<<;;,;=;;;,<;;;;,<;;;<,<;;;=,<;;<;,<;;<<,<;<;;,<<;;;,<<;<;,=;;;;,=;;<; shape:9
# onwind solar H2 battery transmission offwind wind tsc gini
812.7002 105.6952 -79.4345 -54.7169 514.0749 273.7134 217.7662 312.6448 -256.6540 -162.3372 -299.6810 -147.5760 0.0000 -118.5240 206.6202 5123.5806 84.4290 0.0000 -1911.9890 929.8549 -4803.9020 -4464.2415 -170.6671 0.0000 392.1232 0.0000 -657.8693 4951.9123 2375.4196 -730.8595 -1429.7827
221.8112 15.2160 -43.8558 -1.0090 85.1249 -337.1389 227.9647 121.1343 -67.3367 0.0000 -454.6423 155.0083 -77.7546 20.8036 184.4914 -61.8014 89.7554 0.0000 -139.7306 0.0000 -73.5924 214.5881 -62.8172 7.4181 20.6684 0.0000 -229.8790 414.0983 0.0000 -118.6949 0.0000
54.5662 298.8419 -149.3824 93.0147 -99.2919 -249.4552 -103.3887 86.1965 175.8919 0.0000 8.9268 -12.0274 0.0000 17.8632 0.0000 -22.6735 13.4150 0.0000 26.0226 0.0000 0.0000 129.2697 5.2895 0.0000 -153.4628 0.0000 0.0000 -15.5677 0.0000 1.2580 0.0000
5.1612 -1121.9720 2742.6647 -1767.4348 702.5396 -1472.7085 1157.8904 -48.6878 -150.3506 0.0000 28.8404 -127.0206 57.6483 0.0000 0.0000 379.3985 -860.4358 481.0492 16.2815 0.0000 0.0000 -157.5450 336.3318 -214.8939 -17.2264 83.2865 12.7502 0.0000 0.0000 -3.9512 0.0000
326.4742 -86.0296 0.4422 34.2011 42.0231 161.0989 -106.0188 0.0000 0.0000 0.0000 16.4729 14.0836 0.0000 -19.0052 0.0000 143.5788 -2.7550 0.0000 -121.0382 0.0000 0.0000 -87.7846 9.3899 0.0000 115.8343 0.0000 14.7601 31.6172 0.0000 -28.9224 0.0000
117.2924 -53.9702 -138.1835 131.7206 -106.1209 298.4966 -211.7334 0.0000 0.0000 0.0000 395.4277 72.1815 0.0000 25.9204 -175.9285 -1961.0615 -30.4769 0.0000 -26.9841 -334.5660 2753.4184 1785.7637 29.2344 0.0000 31.0580 0.0000 229.5266 -4092.8714 0.0000 1401.3487 0.0000
1405.1105 102.0670 -158.1319 44.1515 49.5643 347.6089 0.0000 -139.2403 -89.8794 0.0000 151.4093 -78.4125 0.0000 -65.9226 0.0000 1703.7282 24.7873 0.0000 15.4769 517.6613 -1920.8870 -2571.8097 -116.8730 0.0000 105.2242 0.0000 -370.9020 2463.2750 0.0000 -268.3236 0.0000
86.4385 8.6926 -11.5678 0.0000 33.8734 22.0435 0.0000 -11.9996 0.0000 0.0000 23.0383 0.0000 0.0000 0.0000 0.0000 -45.2179 0.0000 0.0000 0.0000 0.0000 0.0000 69.7245 0.0000 0.0000 0.0000 0.0000 0.0000 86.0283 0.0000 -25.9866 0.0000
0.2899 0.0000 0.0000 0.0000 0.0000 0.0000 0.0000 0.0000 0.0000 0.0000 0.0000 0.0000 0.0000 0.0000 0.0000 0.0000 0.0000 0.0000 0.0000 0.0000 0.0000 0.0000 0.0000 0.0000 0.0000 0.0000 0.0000 0.0000 0.0000 0.0000 0.0000
