# numpoly:1.0.6 names:q0,q1,q2,q3,q4 keys:;;;;;,;;;;<,;;;;=,;;;;>,;;;<;,;;;<<,;;;<=,;;;=;,;;;=<,;;;>;,;;<;;,;;<;<,;;<;=,;;<<;,;;=;;,;<;;;,;<;;<,;<;;=,;<;<;,;<;<<,;<<;;,;=;;;,<;;;;,<;;;<,<;;;=,<;;<;,<;;<<,<;<;;,<<;;;,<<;;<,=;;;;,=;;;< shape:9
# onwind solar H2 battery transmission offwind wind tsc gini
449.2429 48.2218 83.2932 58.5888 48.7046 206.2211 0.0000 -154.5335 114.9636 0.0000 370.6235 -192.2824 41.0894 141.3072 -376.8211 4239.0225 -761.8694 -449.5175 -339.2674 710.4659 498.1672 -3668.3213 -4212.3007 534.6209 140.5482 359.8496 -1147.6733 0.0000 4364.1769 1015.3076 -1150.1440 -331.2551
669.0511 -609.1008 373.0448 -58.9895 28.2485 -337.7050 36.8347 212.1018 -256.5313 25.4014 -1341.2864 487.2468 -2.3562 -161.9725 1419.5169 266.5889 503.1280 0.0000 67.3991 0.0000 -525.0787 -792.1275 617.5587 -197.5359 0.0000 -73.1849 406.3846 -1675.0244 2062.9035 -637.6250 -152.0291 0.0000
141.9527 256.8983 -261.0152 130.7829 -275.8234 74.1359 -89.2303 116.7193 0.0000 0.0000 19.3731 -52.5998 0.0000 23.2567 0.0000 -24.5470 34.1933 0.0000 0.0000 0.0000 0.0000 0.0000 34.4327 31.6206 0.0000 -83.6186 0.0000 0.0000 39.4418 0.0000 -20.4316 0.0000
-43.1704 -969.1015 2078.6998 -1230.5465 667.7276 -1409.8904 982.7593 53.9740 -102.9706 0.0000 -17.6016 177.5605 0.0000 -113.3284 43.4684 69.0747 -147.8602 0.0000 53.8857 0.0000 0.0000 0.0000 227.9594 -142.3661 0.0000 42.8328 0.0000 -160.2667 0.0000 0.0000 0.0000 0.0000
172.8517 -21.0312 0.0000 0.0000 127.7658 -56.7995 0.0000 15.9697 45.8708 0.0000 143.3675 0.0000 0.0000 -4.1868 -53.7607 264.9723 37.1534 0.0000 -304.7408 0.0000 0.0000 0.0000 -171.3290 -14.0648 0.0000 249.6207 0.0000 0.0000 0.0000 0.0000 1.6167 0.0000
397.1511 -44.3625 -59.4234 0.0000 -129.7512 243.3003 0.0000 -12.6648 0.0000 0.0000 -28.1739 -1.8351 0.0000 -27.7947 0.0000 -2155.7615 -68.8593 109.5420 69.3896 -168.3650 -122.0297 2566.0563 1977.0604 136.1792 -109.8220 119.6688 0.0000 241.5441 -3917.6718 0.0000 1226.1282 0.0000
1141.3435 -305.3392 -179.3962 42.5505 -145.5238 626.5100 0.0000 -181.0750 121.4622 0.0000 419.2893 -161.4318 0.0000 89.1529 -396.2419 1431.4298 -59.5218 0.0000 21.3896 0.0000 290.1429 -969.0259 -2372.6279 725.7788 0.0000 301.6530 -806.3380 293.5241 911.1118 71.2836 -36.7916 0.0000
83.6099 7.7586 -10.3654 0.0000 33.2991 20.9526 0.0000 -11.6636 0.0000 0.0000 21.7480 0.0000 0.0000 0.0000 0.0000 -36.0913 0.0000 0.0000 0.0000 0.0000 0.0000 0.0000 61.5936 0.0000 0.0000 0.0000 0.0000 0.0000 73.8500 0.0000 -16.4723 0.0000
0.1695 0.0000 0.0000 0.0000 0.0000 0.0000 0.0000 0.0000 0.0000 0.0000 0.0000 0.0000 0.0000 0.0000 0.0000 0.0000 0.0000 0.0000 0.0000 0.0000 0.0000 0.0000 0.0000 0.0000 0.0000 0.0000 0.0000 0.0000 0.0000 0.0000 0.0000 0.0000
