# numpoly:1.0.6 names:q0,q1,q2,q3,q4 keys:;;;;;,;;;;<,;;;;=,;;;;>,;;;<;,;;;<<,;;;<=,;;;=;,;;;=<,;;<;;,;;<;<,;;<;=,;;<<;,;;<<<,;;=;;,;<;;;,;<;;<,;<;;=,;<;<;,;<;<<,;<<;;,;<<;<,;=;;;,<;;;;,<;;;<,<;;;=,<;;<;,<;;<<,<;<;;,<<;;;,<<;;<,<<;<;,<<<;;,<=;;;,=;;;;,=<;;; shape:9
# onwind solar H2 battery transmission offwind wind tsc gini
7515.3127 -319.9830 359.6992 0.0000 -463.2075 -256.3003 61.7716 -113.2651 0.0000 -309.8637 51.1837 -75.4642 72.8121 -157.2434 -66.8171 6115.7522 5.6596 -573.9555 217.5945 1057.4399 678.9223 0.0000 -13348.1040 -30413.6318 307.6089 144.6016 1298.7090 -712.9434 -42.0205 17986.3717 165.3579 -1045.7572 0.0000 14775.3186 22711.2694 -25289.1434
1812.7485 -1449.2077 1045.4445 -331.8236 -174.3506 -179.8149 246.3084 337.5069 -343.3462 -2302.7304 735.1696 -533.3945 10.6202 0.0000 983.1646 -788.6078 362.9286 104.3423 -24.7104 0.0000 432.2683 370.1579 -906.6104 -553.2432 777.4753 0.0000 5.5781 73.0800 1009.4402 3843.8329 -1238.3321 0.0000 -2133.3605 0.0000 -2074.4525 1214.3027
172.8139 201.8363 -189.6035 97.6562 -308.7430 43.6516 -77.1674 127.4140 0.0000 16.4476 -48.6298 0.0000 28.8381 0.0000 0.0000 -7.8858 74.0488 0.0000 -28.3728 0.0000 0.0000 0.0000 0.0000 6.3028 0.0000 0.0000 -17.3350 0.0000 0.0000 0.0000 0.0000 0.0000 0.0000 0.0000 0.0000 0.0000
262.4004 -718.7690 1459.4449 -1142.8874 606.4091 -1440.5681 1059.5795 86.4984 -170.9957 -68.8880 175.0792 0.0000 -99.5987 0.0000 33.8545 -261.5893 -305.9081 400.8275 162.1055 -11.0304 0.0000 0.0000 0.0000 -306.3409 428.0462 0.0000 -85.8668 103.6398 -80.4144 590.2407 -555.1536 0.0000 0.0000 0.0000 -39.9666 0.0000
274.8413 34.8749 -62.1177 61.1943 186.5959 -113.3754 -72.3637 -40.1785 145.3376 36.0617 40.1837 0.0000 -31.1700 0.0000 0.0000 166.8104 -23.1828 0.0000 -95.2609 0.0000 2.1080 0.0000 -227.6540 -295.2243 0.0000 0.0000 94.1523 0.0000 0.0000 470.3227 0.0000 0.0000 0.0000 0.0000 -113.1813 0.0000
-1293.6916 -241.4537 -67.1994 80.5912 -272.1282 613.7653 -169.1940 0.0000 0.0000 51.5561 -93.7077 75.5707 -8.2212 0.0000 -21.9200 -249.6091 339.9286 32.6047 374.0059 -603.2353 -153.2666 0.0000 1522.3031 6377.3046 -38.9069 -149.3685 -141.7618 305.1192 252.3076 -6713.2874 0.0000 0.0000 0.0000 0.0000 -1982.8676 2576.5066
5652.7061 -422.3442 48.8866 0.0000 -85.5471 470.0520 0.0000 -124.7928 0.0000 35.5843 -169.7645 0.0000 -24.7635 0.0000 -137.0599 -1942.4972 314.1558 -158.6197 -13.4255 18.1886 454.2579 0.0000 -2206.6228 -14964.1186 405.3943 0.0000 266.6414 -430.0668 118.3515 10729.6279 0.0000 0.0000 0.0000 3105.1972 10516.4407 -10708.6844
89.8727 9.0619 -11.5996 0.0000 35.6801 21.6475 0.0000 -12.9708 0.0000 22.8310 0.0000 0.0000 0.0000 0.0000 0.0000 -49.1906 0.0000 0.0000 0.0000 0.0000 0.0000 0.0000 0.0000 64.2120 0.0000 0.0000 0.0000 0.0000 0.0000 91.1554 0.0000 0.0000 0.0000 0.0000 -25.6407 0.0000
0.1228 -0.0015 0.0000 0.0000 0.0000 0.0000 0.0000 0.0000 0.0000 0.0000 0.0000 0.0000 0.0000 0.0000 0.0000 0.0000 0.0000 0.0000 0.0000 0.0000 0.0000 0.0000 0.0000 0.0000 0.0000 0.0000 0.0000 0.0000 0.0000 0.0000 0.0000 0.0000 0.0000 0.0000 0.0000 0.0000
