# numpoly:1.0.6 names:q0,q1,q2,q3,q4 keys:;;;;;,;;;;<,;;;;=,;;;;>,;;;<;,;;;<<,;;;<=,;;;=;,;;;=<,;;;>;,;;<;;,;;<;<,;;<;=,;;<<;,;;<<<,;;<=;,;;=;;,;;=;<,;;=<;,;;>;;,;<;;;,;<;;<,;<;;=,;<;<;,;<;<<,;<;=;,;<<;;,;<<;<,;<<<;,;=;;;,;=;;<,<;;;;,<;;;<,<;;;=,<;;<;,<;;<<,<;;=;,<;<;;,<;<<;,<;=;;,<<;;;,<<;;<,<<;<;,<<<;;,<=;;;,=;;;;,=;;;<,=;;<;,=;<;;,=<;;; shape:9
# onwind solar H2 battery transmission offwind wind tsc gini
1983.1172 -304.1488 399.2079 -220.2345 -630.2692 597.1175 63.9883 -242.4611 -250.9081 0.0000 300.1818 279.6651 50.2268 573.0985 -657.0092 0.0000 -75.5996 0.0000 0.0000 0.0000 4033.0124 229.1179 -58.6934 -258.8356 0.0000 0.0000 207.8963 15.9703 0.0000 -4282.0287 0.0000 -7589.3708 -693.4750 0.0000 966.8377 432.0322 330.7500 -653.3623 0.0000 0.0000 7260.4704 0.0000 441.5471 0.0000 0.0000 1351.9804 0.0000 -1190.3618 0.0000 -1447.3498
177.9201 14.6294 -26.8910 0.0000 86.0810 -226.9252 98.0106 79.0702 -13.2571 0.0000 -374.1566 70.0233 -7.6703 33.7200 0.0000 0.0000 166.0233 0.0000 0.0000 0.0000 -68.1014 61.1441 0.0000 -128.3404 0.0000 0.0000 0.0000 0.0000 0.0000 -105.7432 0.0000 116.6418 -45.2420 0.0000 2.5965 0.0000 0.0000 -237.2389 0.0000 0.0000 512.3443 0.0000 0.0000 0.0000 0.0000 -123.6008 0.0000 0.0000 0.0000 0.0000
70.3554 360.0965 -259.4766 112.0550 -153.6529 -265.3495 0.0000 126.8859 104.3132 0.0000 8.3401 -8.1157 0.0000 27.8685 0.0000 0.0000 0.0000 0.0000 0.0000 0.0000 -3.9156 23.5199 0.0000 0.0000 0.0000 0.0000 0.0000 0.0000 0.0000 0.0000 0.0000 90.8729 2.2489 0.0000 -101.1328 0.0000 0.0000 0.0000 0.0000 0.0000 -27.1283 0.0000 0.0000 0.0000 0.0000 9.3722 0.0000 0.0000 0.0000 0.0000
-38.0937 -1084.3627 2960.3251 -2012.9733 686.5371 -1306.9854 1053.5698 -36.2613 -140.0126 0.0000 21.5405 -237.3922 114.9256 -39.1838 0.0000 0.0000 3.9519 0.0000 0.0000 0.0000 392.8454 -1181.0234 723.9356 3.8066 0.0000 0.0000 98.7536 0.0000 0.0000 0.0000 0.0000 -17.1797 169.7427 -37.1130 7.0984 0.0000 0.0000 0.0000 0.0000 0.0000 0.0000 0.0000 0.0000 0.0000 0.0000 -57.4012 0.0000 0.0000 0.0000 0.0000
314.6559 -70.4120 -19.8946 31.9923 62.3491 131.6977 -84.7146 -26.4326 0.0000 0.0000 -12.3063 3.5511 0.0000 -18.4421 0.0000 0.0000 0.0000 0.0000 0.0000 0.0000 178.1406 -6.8411 0.0000 -37.5338 0.0000 0.0000 -37.6281 0.0000 0.0000 0.0000 0.0000 -69.3090 45.6910 0.0000 45.2303 0.0000 0.0000 87.4584 0.0000 0.0000 -56.7900 0.0000 0.0000 0.0000 0.0000 0.0000 0.0000 0.0000 0.0000 0.0000
387.6037 -61.0298 -314.8391 218.6065 -160.2252 488.9125 -269.9442 -126.8073 152.0479 0.0000 -38.5017 45.4303 0.0000 0.0000 0.0000 0.0000 -15.7771 0.0000 0.0000 0.0000 -2092.3522 -106.3750 0.0000 6.6010 0.0000 0.0000 0.0000 0.0000 0.0000 2442.1104 0.0000 1714.0189 394.5803 -11.1443 261.7867 -397.0987 0.0000 119.2200 0.0000 0.0000 -3680.3960 0.0000 0.0000 0.0000 0.0000 1209.0407 0.0000 0.0000 0.0000 0.0000
-6145.6201 -6878.3810 2127.8235 -145.4281 -6854.5569 5474.2873 -976.0811 -9106.8265 1106.2201 1054.9344 44054.1602 -3939.8683 4131.0822 4437.9259 -3625.5508 9435.1450 -47649.1733 831.1006 -2710.1267 17984.5233 -2386.0337 9276.2745 -3015.9982 12952.6115 -523.7091 -3256.3599 4141.8446 4.7874 -5421.5866 -5820.5949 -3474.6696 -4288.1368 4550.5280 -2726.5494 7678.7826 -2751.7901 948.9146 -15126.0182 -5995.2591 3867.3309 2789.2925 455.8493 -3196.5053 88.8303 7009.3588 3023.2821 -143.7993 533.3073 6727.2111 -7517.4896
93.2471 11.7412 -11.9928 0.0000 36.2644 18.9949 0.0000 -12.3159 0.0000 0.0000 22.9582 0.0000 0.0000 0.0000 0.0000 0.0000 0.0000 0.0000 0.0000 0.0000 -37.1363 0.0000 0.0000 0.0000 0.0000 0.0000 0.0000 0.0000 0.0000 0.0000 0.0000 44.0738 0.0000 0.0000 0.0000 0.0000 0.0000 0.0000 0.0000 0.0000 80.1968 0.0000 0.0000 0.0000 0.0000 -6.9115 0.0000 0.0000 0.0000 0.0000
0.2978 0.0000 0.0000 0.0000 0.0000 0.0000 0.0000 0.0000 0.0000 0.0000 0.0000 0.0000 0.0000 0.0000 0.0000 0.0000 0.0000 0.0000 0.0000 0.0000 0.0000 0.0000 0.0000 0.0000 0.0000 0.0000 0.0000 0.0000 0.0000 0.0000 0.0000 0.0000 0.0000 0.0000 0.0000 0.0000 0.0000 0.0000 0.0000 0.0000 0.0000 0.0000 0.0000 0.0000 0.0000 0.0000 0.0000 0.0000 0.0000 0.0000
