# numpoly:1.0.6 names:q0,q1,q2,q3,q4 keys:;;;;;,;;;;<,;;;;=,;;;;>,;;;<;,;;;<<,;;;<=,;;;=;,;;;=<,;;<;;,;;<;<,;;<;=,;;<<;,;;<<<,;;=;;,;<;;;,;<;;<,;<;<;,;<<;;,;=;;;,<;;;;,<;;;<,<;;<;,<;;<<,<;<;;,<<;;;,<<;<;,<=;;;,=;;;;,=<;;; shape:9
# onwind solar H2 battery transmission offwind wind tsc gini
1264.8807 854.3471 -851.4835 307.0763 479.4571 -257.6159 0.0000 -216.7143 182.7395 715.5301 -799.0819 203.7959 -305.4906 576.8555 -269.9748 -6341.1014 10.6569 -246.2809 183.0155 6421.9641 5358.6223 515.3657 -431.2990 -487.0696 230.7035 4502.2167 505.7751 -11327.8681 -11304.4054 11322.2083
1376.9218 -949.1192 945.4951 -129.4493 132.9148 -300.1193 0.0000 -13.1960 0.0000 -2021.8573 1432.5967 -538.3751 83.9541 -430.8885 1419.6957 -261.2423 -157.1658 41.1464 0.0000 -153.7154 858.4910 -650.3138 -169.3714 551.7043 -1573.1471 773.7143 0.0000 0.0000 134.8234 0.0000
194.0613 123.8531 -108.9638 77.2933 -320.9502 219.3162 -172.7422 117.1267 0.0000 26.6976 -1.0557 0.0000 0.0000 0.0000 0.0000 -98.7535 0.0000 96.6866 0.0000 0.0000 37.7017 3.6544 -128.8487 0.0000 0.0000 39.4154 0.0000 0.0000 0.0000 0.0000
515.3382 -1372.9070 2222.0726 -1197.9702 588.3776 -1193.4145 799.1698 8.7188 -33.2621 -251.8956 226.0202 0.0000 86.7031 -139.8437 78.9048 -39.3769 -121.7949 -124.0381 0.0000 0.0000 -116.3489 -61.4305 58.4466 0.0000 -144.9316 205.8021 0.0000 0.0000 0.0000 0.0000
638.9554 43.3982 -60.0220 0.0000 36.2819 -90.6120 73.0742 25.7520 0.0000 76.2444 0.0000 0.0000 0.0000 0.0000 -34.1314 -322.2474 -2.1286 0.0000 0.0000 0.0000 -44.1082 29.8503 2.7641 0.0000 0.0000 441.7889 0.0000 0.0000 -204.4294 0.0000
-1.8354 -61.4069 65.0509 -35.5808 36.1806 9.0275 1.5806 0.0000 0.0000 72.9149 -14.6742 0.0000 16.7776 0.0000 0.0000 -519.7752 6.5309 -133.4182 -75.6005 1401.9393 423.7069 -1.0697 94.2352 0.0000 39.9590 -2170.1601 0.0000 0.0000 825.5724 0.0000
1227.7393 499.0380 -565.3197 223.7403 146.5156 -94.1497 0.0000 -166.7796 118.2160 604.6795 -496.6372 40.6848 -205.8311 426.4541 -269.5808 970.7402 35.1158 51.2421 65.2762 -1401.6636 -2016.8217 437.0975 64.2097 -414.7267 341.3666 1825.6484 0.0000 0.0000 -540.8345 0.0000
108.5224 6.7910 -8.8664 0.0000 23.2550 19.3184 0.0000 -8.9610 0.0000 30.9717 0.0000 0.0000 0.0000 0.0000 0.0000 -46.3166 0.0000 0.0000 0.0000 0.0000 38.8744 0.0000 0.0000 0.0000 0.0000 65.2148 0.0000 0.0000 -7.2808 0.0000
0.4474 0.0059 0.0000 0.0000 0.0623 0.0000 0.0000 0.0000 0.0000 0.0115 0.0000 0.0000 0.0000 0.0000 0.0000 0.0425 0.0000 0.0000 0.0000 0.0000 0.0947 0.0000 0.0000 0.0000 0.0000 0.0000 0.0000 0.0000 0.0000 0.0000
