# numpoly:1.0.6 names:q0,q1,q2,q3,q4 keys:;;;;;,;;;;<,;;;;=,;;;;>,;;;<;,;;;<<,;;;<=,;;;=;,;;;=<,;;;>;,;;<;;,;;<;<,;;<;=,;;<<;,;;<<<,;;<=;,;;=;;,;<;;;,;<;;<,;<;;=,;<;<;,;<;<<,;<<;;,;=;;;,<;;;;,<;;;<,<;;;=,<;;<;,<;;<<,<;<;;,<<;;;,<<;<;,<=;;;,=;;;;,=;;<; shape:9
# onwind solar H2 battery transmission offwind wind tsc gini
5971.0217 -459.8241 183.6004 0.0000 670.4995 524.5422 -4.1138 18.2047 -190.2154 -22.0189 236.1310 48.5591 -198.7890 -226.5142 193.6352 0.0000 -350.9712 -7919.9819 -542.0995 -62.5171 -1681.3601 671.6200 408.1896 1169.4467 -9942.2285 1008.9951 0.0000 -133.9512 -1083.1362 152.0628 21789.2499 2334.8141 -8205.2047 -2455.8704 -1036.8414
331.8555 -515.2990 551.6698 -282.7091 713.3569 -131.1313 230.4601 -369.8333 -128.0420 0.0000 -786.3997 856.9050 0.0000 -882.1777 -684.9806 743.9135 1231.9020 -130.8190 0.0000 0.0000 82.8059 0.0000 0.0000 -363.7723 886.8852 -429.9930 0.0000 -75.7904 200.4132 -1946.6965 1178.0372 0.0000 0.0000 126.2672 0.0000
189.1330 200.6579 -103.2810 32.4071 -287.2870 -86.8372 -83.9325 188.9462 82.4484 -1.1575 -0.7235 -59.5600 0.0000 43.3112 0.0000 0.0000 0.0000 -68.0574 59.0697 0.0000 -11.4866 0.0000 0.0000 0.0000 -56.4188 49.3070 0.0000 -116.0474 0.0000 14.3212 138.9267 0.0000 0.0000 -27.7997 0.0000
19.0355 -448.0125 1247.5648 -863.6292 837.4677 -1680.6120 1085.4140 -80.3267 -33.2693 0.0000 -35.9159 116.8443 0.0000 -123.2843 0.0000 0.0000 0.0000 12.8520 -75.3877 0.0000 58.0552 0.0000 0.0000 0.0000 -27.4820 -150.2047 80.7148 83.8955 0.0000 -16.4834 0.0000 0.0000 0.0000 42.8564 0.0000
785.7495 0.5704 0.0000 0.0000 137.5988 1.5557 0.0000 -4.4160 0.0000 0.0000 49.0477 -9.5862 0.0000 0.0000 0.0000 0.0000 0.0000 -116.2663 -1.5032 0.0000 -96.5476 0.0000 0.0000 0.0000 144.3591 17.9768 0.0000 0.0000 0.0000 0.0000 280.2440 0.0000 0.0000 -187.4341 0.0000
-128.8396 33.3035 -36.4855 13.4647 165.5391 43.0685 0.0000 -113.7213 0.0000 40.5475 23.0635 0.0000 0.0000 94.2108 0.0000 0.0000 -0.0914 -1457.5151 24.5587 0.0000 -404.5916 0.0000 -153.0175 3377.4020 1774.3554 -132.7732 0.0000 252.6647 77.9025 169.4509 -5405.0400 0.0000 0.0000 1803.0355 0.0000
1414.3023 -288.4956 40.1380 34.8549 -61.3550 508.6647 -107.0600 -187.8226 0.0000 0.0000 459.2921 -113.8187 -98.7955 -132.9546 214.4429 0.0000 -426.3228 802.0270 -94.4737 0.0000 258.4843 0.0000 179.1110 -2224.2140 -2193.9911 473.3179 0.0000 67.5615 -438.2029 364.6570 3738.7015 0.0000 0.0000 -1252.3981 0.0000
94.8298 7.5462 -10.4967 0.0000 35.8832 23.2748 0.0000 -13.5106 0.0000 0.0000 28.1165 0.0000 0.0000 0.0000 0.0000 0.0000 0.0000 -55.0959 0.0000 0.0000 0.0000 0.0000 0.0000 0.0000 68.1659 0.0000 0.0000 0.0000 0.0000 0.0000 88.4872 0.0000 0.0000 -24.4112 0.0000
0.6034 -0.0116 0.0000 0.0000 0.0331 0.0000 0.0000 0.0000 0.0000 0.0000 0.0045 0.0000 0.0000 0.0000 0.0000 0.0000 0.0000 0.0295 0.0000 0.0000 0.0000 0.0000 0.0000 0.0000 0.0151 0.0000 0.0000 0.0000 0.0000 0.0000 0.0000 0.0000 0.0000 0.0000 0.0000
