# numpoly:1.0.6 names:q0,q1,q2,q3,q4 keys:;;;;;,;;;;<,;;;;=,;;;;>,;;;<;,;;;<<,;;;<=,;;;=;,;;;=<,;;;>;,;;<;;,;;<;<,;;<;=,;;<<;,;;<<<,;;=;;,;;=;<,;<;;;,;<;;<,;<;;=,;<;<;,;<<;;,;=;;;,<;;;;,<;;;<,<;;;=,<;;<;,<;;<<,<;;=;,<;<;;,<<;;;,=;;;; shape:9
# onwind solar H2 battery transmission offwind wind tsc gini
1396.5857 -46.9947 -137.5714 81.1547 481.3487 -262.0607 60.0867 -361.2767 167.3517 0.0000 -702.2329 1120.8021 -489.8096 0.0000 0.0000 210.4028 -339.3594 2011.7003 99.2834 0.0000 473.7326 398.2050 -3597.1273 -3344.7940 -510.9710 394.7660 -296.8381 -56.9542 0.0000 242.5016 5719.7229 -1842.5333
807.9604 -92.2909 -28.3399 0.0000 -724.0854 134.4017 0.0000 774.3207 -260.8007 0.0000 -1715.5716 164.2950 92.8988 -314.5038 -99.9873 1466.2213 0.0000 254.2087 -224.5815 144.8733 -97.5291 0.0000 -378.4921 1373.0989 -53.4543 -218.6892 493.3197 431.6118 -478.6319 -1895.4489 889.9528 0.0000
265.2615 296.9629 -362.2732 140.9067 -643.0105 43.5934 0.0000 437.6524 0.0000 -44.0242 -97.6621 0.0000 0.0000 111.1004 0.0000 0.0000 0.0000 21.1540 12.8336 0.0000 -68.9081 0.0000 0.0000 201.3643 0.0000 0.0000 -268.1709 0.0000 0.0000 0.0000 94.0273 -11.8818
488.3248 -3718.7360 6555.7489 -3415.1367 1020.8725 -1801.0102 1009.4297 -16.6672 0.0000 0.0000 70.2041 -95.6569 78.8054 -4.3714 0.0000 0.0000 0.0000 205.0617 -414.5914 201.3943 -27.1282 0.0000 0.0000 729.5674 -1234.1252 600.7003 3.6342 0.0000 0.0000 -94.4787 48.2026 0.0000
245.8241 111.9820 -156.1010 46.1095 170.3361 -13.4124 0.0000 -76.3886 0.0000 0.0000 65.2519 0.6251 0.0000 38.2691 0.0000 0.0000 0.0000 24.4068 17.5218 0.0000 -69.8600 116.3403 -181.3360 -197.8058 57.9839 0.0000 28.0534 0.0000 0.0000 -132.0226 465.6546 -158.0772
-98.1310 -29.3274 55.9809 0.0000 -49.9134 120.0549 -100.0394 9.7663 0.0000 0.0000 391.6250 -13.6258 0.0000 17.9995 0.0000 -188.4282 0.0000 -1086.4741 -55.4345 0.0000 -162.0330 -234.4303 2124.2685 1226.5461 34.3880 0.0000 207.2339 0.0000 0.0000 193.7014 -3564.8642 1274.1104
1351.5287 -32.3865 26.7605 22.2111 278.1729 79.0630 0.0000 -287.6526 80.2238 0.0000 87.4059 297.5282 -302.3968 12.4407 0.0000 -151.5428 0.0000 818.8291 28.9907 0.0000 274.9555 49.9180 -1286.2639 -2396.5053 -70.3874 171.3323 44.6242 -231.9794 0.0000 512.2171 2053.0609 -491.1227
88.0680 7.7777 -10.7600 0.0000 34.9067 21.9242 0.0000 -11.9425 0.0000 0.0000 22.7262 0.0000 0.0000 0.0000 0.0000 0.0000 0.0000 -45.0358 0.0000 0.0000 0.0000 0.0000 0.0000 72.3112 0.0000 0.0000 0.0000 0.0000 0.0000 0.0000 86.2960 -26.8375
0.2748 0.0000 0.0000 0.0000 0.0000 0.0000 0.0000 0.0000 0.0000 0.0000 0.0000 0.0000 0.0000 0.0000 0.0000 0.0000 0.0000 0.0000 0.0000 0.0000 0.0000 0.0000 0.0000 0.0000 0.0000 0.0000 0.0000 0.0000 0.0000 0.0000 0.0000 0.0000
