# numpoly:1.0.6 names:q0,q1,q2,q3,q4 keys:;;;;;,;;;;<,;;;;=,;;;;>,;;;<;,;;;<<,;;;<=,;;;=;,;;;=<,;;;>;,;;<;;,;;<;<,;;<;=,;;<<;,;;<<<,;;<=;,;;=;;,;;=;<,;<;;;,;<;;<,;<;;=,;<;<;,;<;<<,;<;=;,;<<;;,;=;;;,;=;;<,<;;;;,<;;;<,<;;;=,<;;<;,<;;<<,<;;=;,<;<;;,<;<;<,<<;;;,<<;;<,<<;<;,<=;;;,=;;;;,=;;<;,=<;;; shape:9
# onwind solar H2 battery transmission offwind wind tsc gini
1590.0550 -1528.4073 745.7518 0.0000 -1963.3382 882.6173 378.1426 966.5016 0.0000 -452.1894 -655.0390 1759.0333 -1568.3789 455.8572 -735.2535 0.0000 244.8904 167.2237 18445.5486 641.8661 0.0000 905.3542 -804.8940 0.0000 546.9824 -18816.9365 0.0000 -21172.2890 -267.2722 305.7594 1200.3605 0.0000 0.0000 -784.7261 0.0000 -1276.1418 0.0000 -1132.3975 23281.3596 23299.0345 0.0000 -24528.4116
-5389.6729 202.0573 369.4317 0.0000 2708.4384 -1590.8038 -675.8409 -731.8910 -248.3157 257.2583 -1195.3353 -112.7338 388.5283 -427.5609 566.2720 0.0000 902.9293 0.0000 10187.0052 -2051.8373 81.0673 -1546.6113 2494.5343 0.0000 -2328.6409 -3205.2566 803.0611 9919.6323 1611.3048 0.0000 -1772.4239 0.0000 391.0403 980.5438 -112.2644 -7493.4951 -1879.3483 0.0000 0.0000 -9734.6142 782.2678 8375.4861
205.8744 57.4099 10.2031 0.0000 -452.9550 149.9986 -80.9285 233.0323 -74.2386 0.0000 30.3231 -0.4592 0.0000 10.7470 0.0000 0.0000 -17.1235 0.0000 75.3305 37.5800 0.0000 -104.7693 49.3207 0.0000 0.0000 0.0000 0.0000 25.4885 -57.5391 0.0000 18.0265 0.0000 0.0000 0.0000 0.0000 -19.5449 0.0000 0.0000 0.0000 0.0000 0.0000 0.0000
755.2503 -1474.7543 1481.2104 -1014.7665 652.7421 -991.7251 451.2665 3.7280 -33.4776 0.0000 -165.4379 215.4579 0.0000 -30.8239 0.0000 0.0000 59.1770 0.0000 -315.2915 -323.7020 885.6288 135.9813 0.0000 0.0000 -147.7859 -227.1401 0.0000 -1230.1791 1588.3608 -211.4275 -325.7490 299.8149 0.0000 1.6634 0.0000 1774.7425 -1582.2785 0.0000 0.0000 -153.7549 0.0000 0.0000
160.6318 197.7621 -227.8418 105.0137 368.9439 -363.8639 0.0000 -119.7664 228.9356 0.0000 -14.3181 0.0000 0.0000 12.6732 0.0000 0.0000 0.0000 0.0000 226.2543 46.5878 0.0000 -88.1626 0.0000 0.0000 66.0228 -343.5268 0.0000 -218.0194 56.9380 0.0000 6.5087 0.0000 0.0000 0.0000 0.0000 587.3748 0.0000 0.0000 0.0000 -242.7563 0.0000 0.0000
-3210.1124 -1213.1519 -46.0034 -387.6950 1227.3130 -296.1129 -109.3727 -1537.4200 263.7109 720.4957 -1729.4098 3811.0039 0.0000 138.9336 309.0053 -236.5190 1009.5256 -2215.6506 3017.7326 -797.3157 748.0369 280.8283 0.0000 -61.9139 -394.1677 931.6112 0.0000 11275.8852 310.7398 0.0000 -277.1316 -47.3867 0.0000 509.3367 -329.8178 -12302.8459 0.0000 0.0000 0.0000 -5330.2967 0.0000 6387.7419
4512.5469 364.5642 -62.2876 297.2792 -2139.5126 1622.2120 256.6496 1469.5896 336.3595 -899.7326 1454.4044 -1908.1148 -659.2644 221.2548 -1009.6459 272.6950 -990.9806 1809.0378 3716.9637 1493.5256 -89.9716 1484.7836 -2872.3510 0.0000 751.7743 -8581.5095 0.0000 -17628.6416 -1299.8638 -86.6200 -264.3060 1061.2922 0.0000 -505.4721 0.0000 5359.1150 785.7202 0.0000 13250.9701 18804.1093 0.0000 -19680.4328
95.7143 8.2663 -14.1737 0.0000 32.3001 26.8613 0.0000 -12.0981 0.0000 0.0000 21.9162 0.0000 0.0000 0.0000 0.0000 0.0000 0.0000 0.0000 -42.6962 0.0000 0.0000 0.0000 0.0000 0.0000 0.0000 0.0000 0.0000 57.0018 0.0000 0.0000 0.0000 0.0000 0.0000 0.0000 0.0000 80.2632 0.0000 0.0000 0.0000 -14.3580 0.0000 0.0000
0.1369 0.0000 0.0000 0.0000 0.0000 0.0000 0.0000 0.0000 0.0000 0.0000 0.0000 0.0000 0.0000 0.0000 0.0000 0.0000 0.0000 0.0000 0.0000 0.0000 0.0000 0.0000 0.0000 0.0000 0.0000 0.0000 0.0000 0.0000 0.0000 0.0000 0.0000 0.0000 0.0000 0.0000 0.0000 0.0000 0.0000 0.0000 0.0000 0.0000 0.0000 0.0000
