# numpoly:1.0.6 names:q0,q1,q2,q3,q4 keys:;;;;;,;;;;<,;;;;=,;;;;>,;;;<;,;;;<<,;;;<=,;;;=;,;;;=<,;;;>;,;;<;;,;;<;<,;;<;=,;;<<;,;;=;;,;<;;;,;<;;<,;<;;=,;<;<;,;<<;;,;=;;;,<;;;;,<;;;<,<;;;=,<;;<;,<;;<<,<;<;;,<<;;;,=;;;; shape:9
# onwind solar H2 battery transmission offwind wind tsc gini
1707.6959 207.6391 -222.9775 175.7110 16.6113 427.3195 -283.9647 -123.5623 0.0000 0.0000 346.3412 0.0000 0.0000 -46.1533 -89.4785 1335.8742 48.9585 0.0000 79.3327 53.8440 -2287.6126 -2328.7444 -301.8786 0.0000 -132.2151 213.2501 0.0000 3404.0107 -789.5150
-69.8821 -54.5017 -9.4661 0.0000 280.3071 -373.3920 0.0000 154.1978 143.0864 -66.9662 -516.4600 80.2427 -12.7240 132.2213 31.8471 149.1587 97.3071 -33.5112 59.7262 0.0000 0.0000 892.0624 -87.7295 144.5461 -348.4985 0.0000 14.7119 -381.6596 0.0000
184.4011 76.9901 -154.4984 127.4929 -227.2561 207.1337 -167.0433 0.5034 0.0000 0.0000 27.6934 0.0000 0.0000 0.0000 0.0000 2.2615 0.0000 0.0000 0.0000 0.0000 0.0000 -38.8039 0.0000 0.0000 53.9331 0.0000 0.0000 0.0000 0.0000
32.6872 -296.6472 1297.2545 -1069.5227 620.0404 -1775.3915 1420.2293 134.6653 -184.1105 0.0000 -100.8524 9.5268 0.0000 -40.0065 0.0000 -138.4415 0.0000 0.0000 0.0000 81.8196 32.3123 86.5903 -18.1233 0.0000 -48.6916 0.0000 0.0000 -7.3483 0.2025
319.1828 -26.3386 203.0119 -115.4766 -235.8296 -52.3530 16.4794 415.4730 0.0000 -145.2782 64.8333 0.0000 0.0000 -33.4495 32.1693 143.6429 10.4390 0.0000 0.0000 0.0000 0.0000 165.7439 -68.3166 0.0000 -0.5714 0.0000 -90.1086 -224.5726 157.7457
-28.5335 16.9168 6.5411 0.0000 22.1738 -12.2361 0.0000 8.6593 0.0000 0.0000 20.4833 0.0000 0.0000 -7.8492 0.0000 -201.2751 -55.5267 0.0000 -3.9886 0.0000 560.4499 189.9590 29.8409 0.0000 0.0000 0.0000 0.0000 -927.4689 380.2384
1806.3727 87.1680 -190.8581 141.8432 -28.4736 522.2779 -230.1557 -102.8449 0.0000 0.0000 435.3065 0.0000 0.0000 -77.2685 -100.2265 980.2197 0.0000 0.0000 42.3959 25.1671 -1567.8366 -2284.7137 -103.3827 0.0000 1.4470 0.0000 0.0000 2390.5125 -342.1202
91.6862 8.6236 -10.9586 0.0000 34.4671 22.4236 0.0000 -12.1475 0.0000 0.0000 28.2274 0.0000 0.0000 0.0000 0.0000 -53.9273 0.0000 0.0000 0.0000 0.0000 0.0000 74.8966 0.0000 0.0000 0.0000 0.0000 0.0000 87.0720 -27.7761
0.5286 0.0007 0.0000 0.0000 0.0540 0.0000 0.0000 0.0000 0.0000 0.0000 -0.0149 0.0000 0.0000 0.0000 0.0000 -0.0647 0.0000 0.0000 0.0000 0.0000 0.0000 0.0949 0.0000 0.0000 0.0000 0.0000 0.0000 0.0000 0.0000
