# numpoly:1.0.6 names:q0,q1,q2,q3,q4 keys:;;;;;,;;;;<,;;;;=,;;;;>,;;;<;,;;;<<,;;;<=,;;;=;,;;;=<,;;;>;,;;<;;,;;<;<,;;<;=,;;<<;,;;=;;,;<;;;,;<;;<,;<;;=,;<;<;,;<;<<,;<<;;,;=;;;,<;;;;,<;;;<,<;;;=,<;;<;,<;;<<,<;<;;,<<;;;,<<;;<,=;;;;,=;;;< shape:9
# onwind solar H2 battery transmission offwind wind tsc gini
394.7635 67.4480 83.2932 58.5888 42.4231 206.2211 0.0000 -154.5335 114.9636 0.0000 350.8388 -192.2824 41.0894 141.3072 -376.8211 3872.9217 -761.8694 -449.5175 -339.2674 710.4659 498.1672 -3668.3213 -3741.9542 534.6209 140.5482 359.8496 -1147.6733 0.0000 4364.1769 1015.3076 -1150.1440 -331.2551
590.0000 -586.2962 373.0448 -58.9895 1.1652 -337.7050 36.8347 212.1018 -256.5313 25.4014 -1166.0638 487.2468 -2.3562 -161.9725 1419.5169 400.7725 503.1280 0.0000 67.3991 0.0000 -525.0787 -792.1275 462.5733 -197.5359 0.0000 -73.1849 406.3846 -1675.0244 2062.9035 -637.6250 -152.0291 0.0000
117.4137 249.5574 -261.0152 130.7829 -247.6324 74.1359 -89.2303 116.7193 0.0000 0.0000 21.3205 -52.5998 0.0000 23.2567 0.0000 -34.8682 34.1933 0.0000 0.0000 0.0000 0.0000 0.0000 43.7391 31.6206 0.0000 -83.6186 0.0000 0.0000 39.4418 0.0000 -20.4316 0.0000
59.0259 -1006.8674 2078.6998 -1230.5465 610.1289 -1409.8904 982.7593 53.9740 -102.9706 0.0000 -35.6211 177.5605 0.0000 -113.3284 43.4684 63.2855 -147.8602 0.0000 53.8857 0.0000 0.0000 0.0000 212.2522 -142.3661 0.0000 42.8328 0.0000 -160.2667 0.0000 0.0000 0.0000 0.0000
394.7013 -8.8066 0.0000 0.0000 114.9225 -56.7995 0.0000 15.9697 45.8708 0.0000 93.5539 0.0000 0.0000 -4.1868 -53.7607 273.4982 37.1534 0.0000 -304.7408 0.0000 0.0000 0.0000 -181.9226 -14.0648 0.0000 249.6207 0.0000 0.0000 0.0000 0.0000 1.6167 0.0000
381.9569 -41.8846 -59.4234 0.0000 -131.4110 243.3003 0.0000 -12.6648 0.0000 0.0000 -17.5952 -1.8351 0.0000 -27.7947 0.0000 -1967.4777 -68.8593 109.5420 69.3896 -168.3650 -122.0297 2566.0563 1731.7551 136.1792 -109.8220 119.6688 0.0000 241.5441 -3917.6718 0.0000 1226.1282 0.0000
1082.5594 -279.2052 -179.3962 42.5505 -161.1115 626.5100 0.0000 -181.0750 121.4622 0.0000 404.8755 -161.4318 0.0000 89.1529 -396.2419 1249.5864 -59.5218 0.0000 21.3896 0.0000 290.1429 -969.0259 -2146.9983 725.7788 0.0000 301.6530 -806.3380 293.5241 911.1118 71.2836 -36.7916 0.0000
86.2375 8.1650 -10.3654 0.0000 32.7452 20.9526 0.0000 -11.6636 0.0000 0.0000 26.6983 0.0000 0.0000 0.0000 0.0000 -44.0306 0.0000 0.0000 0.0000 0.0000 0.0000 0.0000 60.7881 0.0000 0.0000 0.0000 0.0000 0.0000 73.8500 0.0000 -16.4723 0.0000
0.5980 0.0206 0.0000 0.0000 0.0136 0.0000 0.0000 0.0000 0.0000 0.0000 0.0162 0.0000 0.0000 0.0000 0.0000 -0.0329 0.0000 0.0000 0.0000 0.0000 0.0000 0.0000 0.0302 0.0000 0.0000 0.0000 0.0000 0.0000 0.0000 0.0000 0.0000 0.0000
