# numpoly:1.0.6 names:q0,q1,q2,q3,q4 keys:;;;;;,;;;;<,;;;;=,;;;;>,;;;<;,;;;<<,;;;<=,;;;=;,;;;=<,;;;>;,;;<;;,;;<;<,;;<;=,;;<<;,;;<<<,;;=;;,;;=;<,;<;;;,;<;;<,;<;<;,;<;<<,;<<;;,;=;;;,<;;;;,<;;;<,<;;;=,<;;<;,<;;<<,<;;=;,<;<;;,<;<;<,<<;;;,<<;<;,=;;;; shape:9
# onwind solar H2 battery transmission offwind wind tsc gini
1982.4626 -635.8337 244.8091 22.5373 89.9631 411.5840 -21.5593 -11.8467 0.0000 -43.0038 158.5528 503.9804 -461.8572 -65.1656 90.2318 -331.9415 -2.0102 1149.5782 -248.4439 105.6470 159.5270 447.8829 -4637.6659 -3632.9756 542.9456 89.5396 -523.8997 -579.5510 26.5305 -59.2782 0.0000 8762.5233 341.1822 -2966.9847
243.1784 445.9086 20.5622 -71.2535 156.5418 -825.0640 456.2619 226.9449 -172.1911 0.0000 -653.0244 27.1899 0.0000 -293.4353 0.0000 961.5329 0.0000 -89.0920 0.0000 80.0105 0.0000 -196.3610 -73.4532 1054.1919 -760.9016 0.0000 95.7059 190.7272 0.0000 -1454.7128 425.1856 657.6859 0.0000 0.0000
264.4789 123.1982 -135.4401 72.5221 -389.8009 168.7751 -138.1991 182.0768 0.0000 0.0000 -26.1905 -26.4572 0.0000 40.2903 0.0000 0.0000 0.0000 -21.4542 33.6570 -23.9169 0.0000 0.0000 -66.8163 -105.0235 26.6908 0.0000 -46.2426 0.0000 0.0000 0.0000 0.0000 216.1966 0.0000 -47.9591
-61.3590 -509.7493 1444.0373 -955.6300 817.9128 -1806.8045 1127.9221 0.6705 -13.8990 0.0000 -11.0790 98.5155 0.0000 -106.0663 0.0000 26.9947 0.0000 88.6180 -83.1401 52.0596 0.0000 12.4655 12.1379 67.8435 -60.3079 0.0000 12.3860 0.0000 0.0000 -103.1170 0.0000 -98.6501 0.0000 84.6620
530.2753 16.8026 -12.0116 0.0000 113.8862 -8.8417 7.0016 -3.7909 0.0000 0.0000 66.2444 -37.6859 0.0000 19.2965 0.0000 0.0000 0.0000 -105.0880 32.0910 -62.1159 0.0000 0.0000 0.0000 180.1901 7.5585 0.0000 0.0000 0.0000 0.0000 0.0000 0.0000 229.2532 0.0000 -194.9315
-395.2693 54.6246 -15.8425 0.0000 49.6365 44.7085 0.0000 -20.5867 0.0000 0.0000 74.1124 -43.8077 0.0000 50.4596 0.0000 0.0000 0.0000 -694.9203 49.8742 -261.6034 0.0000 -125.0781 2746.0226 1633.6014 -85.1777 0.0000 219.8809 0.0000 0.0000 141.1779 0.0000 -5220.6117 0.0000 1849.8987
1683.1711 -479.2935 96.0515 26.9175 -147.2430 704.2486 -134.2284 -109.4926 3.8571 0.0000 497.7184 98.1205 -134.9565 20.1856 0.0000 -339.3307 0.0000 128.4462 -75.2237 198.5342 0.0000 229.1237 -1754.0673 -2192.7583 466.3655 0.0000 -29.9892 -453.5713 0.0000 0.0000 0.0000 3668.8333 0.0000 -1019.9429
90.2288 9.1982 -11.6252 0.0000 28.8581 21.7100 0.0000 -9.0460 0.0000 0.0000 26.7807 0.0000 0.0000 0.0000 0.0000 0.0000 0.0000 -49.2993 0.0000 0.0000 0.0000 0.0000 0.0000 62.5183 0.0000 0.0000 0.0000 0.0000 0.0000 0.0000 0.0000 80.0165 0.0000 -20.1361
0.6214 -0.0003 0.0000 0.0000 0.0348 0.0000 0.0000 0.0000 0.0000 0.0000 -0.0075 0.0000 0.0000 0.0000 0.0000 0.0000 0.0000 -0.0204 0.0000 0.0000 0.0000 0.0000 0.0000 0.0299 0.0000 0.0000 0.0000 0.0000 0.0000 0.0000 0.0000 0.0000 0.0000 0.0000
