# numpoly:1.0.6 names:q0,q1,q2,q3,q4 keys:;;;;;,;;;;<,;;;;=,;;;;>,;;;<;,;;;<<,;;;<=,;;;=;,;;;=<,;;;>;,;;<;;,;;<;<,;;<;=,;;<<;,;;=;;,;<;;;,;<;;<,;<;;=,;<;<;,;<;<<,;<<;;,;=;;;,<;;;;,<;;;<,<;;;=,<;;<;,<;;<<,<;;=;,<;<;;,<<;;;,<<;;<,<<;<;,<=;;;,=;;;;,=;;;<,=;;<;,=<;;; shape:9
# onwind solar H2 battery transmission offwind wind tsc gini
5112.5704 295.9093 -540.3729 216.9079 87.9450 -147.7505 0.0000 622.9925 0.0000 -290.0215 963.7561 -173.7074 0.0000 -220.3084 -251.3947 -1247.1220 1045.8517 0.0000 -966.9466 -66.3140 521.6634 -4796.5985 -15135.8028 -400.4220 0.0000 407.7526 147.6525 0.0000 -568.4021 15681.5149 -1195.7729 1717.4431 2034.7662 7425.8583 916.6062 -1419.5908 -8947.6560
773.7235 -101.5058 250.6679 -55.8238 20.1048 242.7700 -293.8349 17.0886 -87.3895 0.0000 -1621.0407 158.3301 -39.0818 586.4145 881.2012 36.5366 -254.4964 -87.2767 -674.0918 507.6550 -380.6098 -199.6748 1338.4095 -881.7629 456.0131 -241.6637 0.0000 2.1376 -947.1196 1538.6792 0.0000 0.0000 0.0000 -482.8955 0.0000 0.0000 0.0000
402.1448 39.9138 -36.1587 0.0000 -615.1797 127.0448 -11.5511 292.2978 0.0000 0.0000 2.5735 0.0000 0.0000 26.7624 0.0000 -6.4861 -8.6696 0.0000 -7.6890 0.0000 -1.6246 0.0000 228.5147 -16.9658 0.0000 -203.2499 0.0000 0.0000 0.0000 88.4916 0.0000 0.0000 0.0000 -56.7082 0.0000 0.0000 0.0000
130.3508 -599.4149 677.5766 -226.8907 17.0240 45.5128 -26.6983 -4.0920 0.0000 0.0000 -111.6958 190.1982 0.0000 11.9008 0.0000 13.8421 -117.4044 0.0000 -25.9560 0.0000 0.0000 0.0000 244.4045 -282.8460 49.5192 0.0000 0.0000 0.0000 -103.5394 115.3790 0.0000 0.0000 0.0000 0.0000 0.0000 0.0000 0.0000
457.3901 95.4180 -69.2480 0.0000 140.9020 -96.4052 37.5630 9.4843 0.0000 0.0000 108.6697 -24.1189 0.0000 -40.6407 0.0000 -65.6736 0.1719 0.0000 69.4462 0.0000 0.0000 -214.2152 -272.2408 84.9930 0.0000 -76.1589 0.0000 0.0000 5.9524 556.6782 0.0000 0.0000 0.0000 -147.0116 0.0000 0.0000 0.0000
-215.3961 235.1022 30.2052 -61.4543 -48.0137 -179.8702 109.5202 34.9069 0.0000 0.0000 -158.3890 34.9998 0.0000 -1.4837 0.0000 -659.9015 -147.9406 0.0000 -212.4503 0.0000 -74.8955 1810.1555 1471.9931 -257.6121 0.0000 312.0140 0.0000 0.0000 331.0672 -3386.5837 258.2111 0.0000 0.0000 840.0867 0.0000 0.0000 0.0000
864.9360 460.5500 -400.3065 108.9685 189.2786 -240.1446 78.8579 50.1741 0.0000 0.0000 880.3789 -141.3831 0.0000 -254.1619 -255.0268 718.9853 58.9924 0.0000 217.5130 0.0000 364.5351 -1120.9861 -1941.9854 171.2476 0.0000 -92.1478 0.0000 0.0000 -236.4734 1387.9104 0.0000 0.0000 0.0000 30.3944 0.0000 0.0000 0.0000
98.3298 9.0546 -10.7022 0.0000 36.8802 21.5962 0.0000 -13.5498 0.0000 0.0000 28.1023 0.0000 0.0000 0.0000 0.0000 -59.1502 0.0000 0.0000 0.0000 0.0000 0.0000 0.0000 61.7137 0.0000 0.0000 0.0000 0.0000 0.0000 0.0000 93.8406 0.0000 0.0000 0.0000 -23.3486 0.0000 0.0000 0.0000
0.5145 -0.0082 0.0000 0.0000 0.0301 0.0000 0.0000 0.0000 0.0000 0.0000 0.0653 0.0000 0.0000 0.0000 0.0000 -0.0563 0.0000 0.0000 0.0000 0.0000 0.0000 0.0000 0.0883 0.0000 0.0000 0.0000 0.0000 0.0000 0.0000 0.0000 0.0000 0.0000 0.0000 0.0000 0.0000 0.0000 0.0000
