# numpoly:1.0.6 names:q0,q1,q2,q3,q4 keys:;;;;;,;;;;<,;;;;=,;;;;>,;;;<;,;;;<<,;;;<=,;;;=;,;;;=<,;;;>;,;;<;;,;;<;<,;;<;=,;;<<;,;;<<<,;;<=;,;;=;;,;;=;<,;<;;;,;<;;<,;<;;=,;<;<;,;<;<<,;<;=;,;<<;;,;=;;;,;=;;<,<;;;;,<;;;<,<;;;=,<;;<;,<;;<<,<;;=;,<;<;;,<;<;<,<<;;;,<<;;<,<<;<;,<=;;;,=;;;;,=;;<;,=<;;; shape:9
# onwind solar H2 battery transmission offwind wind tsc gini
1538.5679 -1591.0863 745.7518 0.0000 -1892.7084 882.6173 378.1426 966.5016 0.0000 -452.1894 -689.0446 1759.0333 -1568.3789 455.8572 -735.2535 0.0000 244.8904 167.2237 18271.5232 641.8661 0.0000 905.3542 -804.8940 0.0000 546.9824 -18816.9365 0.0000 -20865.8113 -267.2722 305.7594 1200.3605 0.0000 0.0000 -784.7261 0.0000 -1276.1418 0.0000 -1132.3975 23281.3596 23299.0345 0.0000 -24528.4116
-5625.5400 411.8779 369.4317 0.0000 2656.8642 -1590.8038 -675.8409 -731.8910 -248.3157 257.2583 -845.8590 -112.7338 388.5283 -427.5609 566.2720 0.0000 902.9293 0.0000 9840.3895 -2051.8373 81.0673 -1546.6113 2494.5343 0.0000 -2328.6409 -3205.2566 803.0611 10052.0135 1611.3048 0.0000 -1772.4239 0.0000 391.0403 980.5438 -112.2644 -7493.4951 -1879.3483 0.0000 0.0000 -9734.6142 782.2678 8375.4861
159.6414 54.2423 10.2031 0.0000 -402.9057 149.9986 -80.9285 233.0323 -74.2386 0.0000 32.3379 -0.4592 0.0000 10.7470 0.0000 0.0000 -17.1235 0.0000 57.6524 37.5800 0.0000 -104.7693 49.3207 0.0000 0.0000 0.0000 0.0000 46.8083 -57.5391 0.0000 18.0265 0.0000 0.0000 0.0000 0.0000 -19.5449 0.0000 0.0000 0.0000 0.0000 0.0000 0.0000
815.6394 -1453.2709 1481.2104 -1014.7665 602.2578 -991.7251 451.2665 3.7280 -33.4776 0.0000 -174.6503 215.4579 0.0000 -30.8239 0.0000 0.0000 59.1770 0.0000 -339.8699 -323.7020 885.6288 135.9813 0.0000 0.0000 -147.7859 -227.1401 0.0000 -1249.7029 1588.3608 -211.4275 -325.7490 299.8149 0.0000 1.6634 0.0000 1774.7425 -1582.2785 0.0000 0.0000 -153.7549 0.0000 0.0000
332.0657 221.8258 -227.8418 105.0137 337.8435 -363.8639 0.0000 -119.7664 228.9356 0.0000 -47.8311 0.0000 0.0000 12.6732 0.0000 0.0000 0.0000 0.0000 210.8538 46.5878 0.0000 -88.1626 0.0000 0.0000 66.0228 -343.5268 0.0000 -165.5954 56.9380 0.0000 6.5087 0.0000 0.0000 0.0000 0.0000 587.3748 0.0000 0.0000 0.0000 -242.7563 0.0000 0.0000
-3250.1317 -1227.6026 -46.0034 -387.6950 1199.7572 -296.1129 -109.3727 -1537.4200 263.7109 720.4957 -1696.2310 3811.0039 0.0000 138.9336 309.0053 -236.5190 1009.5256 -2215.6506 3239.8720 -797.3157 748.0369 280.8283 0.0000 -61.9139 -394.1677 931.6112 0.0000 11062.6635 310.7398 0.0000 -277.1316 -47.3867 0.0000 509.3367 -329.8178 -12302.8459 0.0000 0.0000 0.0000 -5330.2967 0.0000 6387.7419
4705.7868 286.4397 -62.2876 297.2792 -2119.0045 1622.2120 256.6496 1469.5896 336.3595 -899.7326 1326.7868 -1908.1148 -659.2644 221.2548 -1009.6459 272.6950 -990.9806 1809.0378 3608.7593 1493.5256 -89.9716 1484.7836 -2872.3510 0.0000 751.7743 -8581.5095 0.0000 -17580.3719 -1299.8638 -86.6200 -264.3060 1061.2922 0.0000 -505.4721 0.0000 5359.1150 785.7202 0.0000 13250.9701 18804.1093 0.0000 -19680.4328
97.4077 8.7595 -14.1737 0.0000 31.2107 26.8613 0.0000 -12.0981 0.0000 0.0000 27.4019 0.0000 0.0000 0.0000 0.0000 0.0000 0.0000 0.0000 -50.1590 0.0000 0.0000 0.0000 0.0000 0.0000 0.0000 0.0000 0.0000 57.1231 0.0000 0.0000 0.0000 0.0000 0.0000 0.0000 0.0000 80.2632 0.0000 0.0000 0.0000 -14.3580 0.0000 0.0000
0.6039 -0.0185 0.0000 0.0000 0.0068 0.0000 0.0000 0.0000 0.0000 0.0000 0.0530 0.0000 0.0000 0.0000 0.0000 0.0000 0.0000 0.0000 0.0162 0.0000 0.0000 0.0000 0.0000 0.0000 0.0000 0.0000 0.0000 -0.0427 0.0000 0.0000 0.0000 0.0000 0.0000 0.0000 0.0000 0.0000 0.0000 0.0000 0.0000 0.0000 0.0000 0.0000
