# numpoly:1.0.6 names:q0,q1,q2,q3,q4 keys:;;;;;,;;;;<,;;;;=,;;;;>,;;;<;,;;;<<,;;;<=,;;;=;,;;;=<,;;<;;,;;<;<,;;<;=,;;<<;,;;<<<,;;=;;,;;=;<,;<;;;,;<;;<,;<;<;,;<;<<,;<<;;,;=;;;,<;;;;,<;;;<,<;;;=,<;;<;,<;;<<,<;<;;,<;<;<,<<;;;,=;;;; shape:9
# onwind solar H2 battery transmission offwind wind tsc gini
1341.3829 -218.1224 408.8583 31.2455 1098.1805 -1083.0757 0.0000 -431.3317 381.0809 -99.9873 -95.6177 -278.3115 -227.8787 355.5577 -115.3315 0.0000 1849.7268 455.1575 413.7179 -558.3216 603.1014 -3659.2347 -3647.7167 421.9215 -403.0821 -677.2405 864.4934 251.2076 -143.1974 6034.0020 -1959.4617
-86.2168 450.0377 705.1477 -278.7123 -394.0333 391.9581 0.0000 346.7705 -320.3403 -999.1340 601.0946 -766.7469 -147.6421 76.6921 1453.6446 -481.9585 493.9918 -30.4977 -193.1286 0.0000 -276.9372 -274.4279 2352.5833 -3295.5145 805.7975 176.5120 0.0000 -2774.1792 1988.9354 664.3472 213.1950
272.0329 106.2043 -242.0174 91.3405 -620.7998 409.6353 0.0000 320.2085 -222.1311 -9.8220 -17.1164 0.0000 27.0556 0.0000 0.0000 0.0000 37.2644 0.0000 -6.1099 0.0000 0.0000 0.0000 154.5207 0.0000 0.0000 -130.2636 0.0000 0.0000 0.0000 6.3602 -18.6464
-84.8280 -485.9941 1231.5157 -763.7637 153.9477 -389.3715 208.4007 146.5740 0.0000 -48.7343 435.0976 -177.5356 0.0000 0.0000 4.9258 0.0000 121.7677 -102.0694 -54.5282 0.0000 0.0000 0.0000 407.8214 -1046.5137 620.9935 -79.7391 0.0000 -227.2601 0.0000 0.0000 149.4252
360.6642 34.9530 -12.8282 0.0000 24.4353 -23.2946 0.0000 0.0000 0.0000 104.9369 -48.0395 0.0000 0.0000 0.0000 -13.2936 0.0000 168.1436 45.9995 -102.3057 0.0000 0.0000 -210.5003 -461.0954 28.4944 0.0000 165.4544 -39.8802 0.0000 0.0000 483.6295 -87.2749
109.4666 -138.5998 -75.5871 0.0000 -264.7791 324.5852 0.0000 0.0000 0.0000 84.8366 -28.7729 90.0383 96.3115 -112.6372 -16.6359 0.0000 -1336.2593 0.0000 24.0128 0.0000 -190.0497 2175.7945 1479.9788 247.2477 0.0000 276.3610 -346.0430 123.9772 0.0000 -3665.8725 1216.2443
1452.1009 -184.6480 140.5801 59.7154 706.5706 -577.3889 0.0000 -409.1235 333.1495 175.8138 -250.8981 0.0000 0.0000 0.0000 -217.5441 0.0000 591.4088 49.4116 141.2940 -20.8304 306.9933 -1303.3226 -2412.4855 935.3807 -424.6560 -109.0835 67.4949 379.8722 -40.8186 2277.3016 -681.5658
90.7778 6.7878 -9.5179 0.0000 33.0438 20.9857 0.0000 -11.0680 0.0000 21.9473 0.0000 0.0000 0.0000 0.0000 0.0000 0.0000 -40.3042 0.0000 0.0000 0.0000 0.0000 0.0000 49.3807 0.0000 0.0000 0.0000 0.0000 0.0000 0.0000 77.6629 -10.9754
0.2503 0.0000 0.0000 0.0000 0.0000 0.0000 0.0000 0.0000 0.0000 0.0000 0.0000 0.0000 0.0000 0.0000 0.0000 0.0000 0.0000 0.0000 0.0000 0.0000 0.0000 0.0000 0.0000 0.0000 0.0000 0.0000 0.0000 0.0000 0.0000 0.0000 0.0000
