# numpoly:1.0.6 names:q0,q1,q2,q3,q4 keys:;;;;;,;;;;<,;;;;=,;;;;>,;;;<;,;;;<<,;;;<=,;;;=;,;;;=<,;;<;;,;;<;<,;;<;=,;;<<;,;;<<<,;;=;;,;<;;;,;<;;<,;<;<;,;<;<<,;=;;;,<;;;;,<;;;<,<;;;=,<;;<;,<;;<<,<;<;;,<<;;;,=;;;;,=<;;; shape:9
# onwind solar H2 battery transmission offwind wind tsc gini
393.6569 -130.9391 -224.3016 44.1043 -60.2573 257.2754 291.8198 -106.7574 0.0000 680.1478 -406.3462 0.0000 -182.2109 293.8886 -173.8868 1510.4249 660.3972 543.8629 -859.4246 -1306.9834 236.3248 387.9480 -234.6398 -33.6497 0.0000 202.3817 -320.9038 -1437.4587 1057.5488
1034.8234 -360.5815 547.5966 1.7364 527.7386 -582.7489 -179.7547 -4.9861 0.0000 -2006.5451 807.5577 -188.2956 -95.4071 -77.8593 1119.7485 252.0843 -218.1096 100.4458 0.0000 -864.4521 605.3246 -746.5106 0.0000 -504.6281 799.6219 -1192.5640 1988.7171 -260.0268 0.0000
46.2264 142.6931 -44.2540 0.0000 -276.5104 115.2992 -64.8327 105.2358 0.0000 27.2961 -29.3413 0.0000 0.0000 0.0000 0.0000 -14.0867 0.0000 97.8388 0.0000 0.0000 269.6075 0.0000 0.0000 -146.9482 0.0000 0.0000 -124.1782 0.0000 0.0000
432.6118 -1190.1187 1839.7333 -876.7013 485.4277 -574.1929 316.7100 62.2404 -100.3877 -157.5343 223.0941 0.0000 59.2715 -95.5991 13.4494 14.9082 -206.5845 -142.0956 48.0566 -149.0142 -368.6057 -273.8714 144.7044 14.9995 9.8754 -72.2276 687.0680 -64.8774 0.0000
367.3773 -3.5487 -16.6452 0.0000 25.1428 0.0000 0.0000 0.0000 0.0000 82.5533 0.0000 0.0000 0.0000 0.0000 -17.1517 -107.6864 0.0000 15.9485 0.0000 -202.3460 -53.7793 21.8843 0.0000 0.0000 0.0000 0.0000 654.4056 -281.1381 0.0000
95.4435 56.1049 12.2268 0.0000 65.3674 -99.8375 0.0000 0.0000 0.0000 -2.3915 0.0000 0.0000 5.3090 0.0000 0.0000 -356.5381 -99.8199 -110.8245 139.7059 626.5856 83.7687 43.4187 0.0000 57.8514 -60.7679 0.0000 -854.7116 398.5622 0.0000
1184.6042 93.3681 -262.0616 22.4722 36.7073 71.0487 251.3128 -97.6410 0.0000 609.4962 -297.2877 0.0000 -89.5475 160.4780 -190.9378 427.7352 162.9768 91.0219 -146.8095 -510.5417 -1344.8642 462.4936 -92.6488 220.9326 -356.3428 234.8935 521.7568 -77.1132 0.0000
90.7560 7.3379 -10.6639 0.0000 32.6385 22.6289 0.0000 -11.1004 0.0000 22.4162 0.0000 0.0000 0.0000 0.0000 0.0000 -49.0924 0.0000 0.0000 0.0000 0.0000 66.2497 0.0000 0.0000 0.0000 0.0000 0.0000 90.5260 -26.3025 0.0000
0.2883 0.0000 0.0000 0.0000 0.0000 0.0000 0.0000 0.0000 0.0000 0.0000 0.0000 0.0000 0.0000 0.0000 0.0000 0.0000 0.0000 0.0000 0.0000 0.0000 0.0000 0.0000 0.0000 0.0000 0.0000 0.0000 0.0000 0.0000 0.0000
