# numpoly:1.0.6 names:q0,q1,q2,q3,q4 keys:;;;;;,;;;;<,;;;;=,;;;;>,;;;<;,;;;<<,;;;<=,;;;=;,;;;=<,;;;>;,;;<;;,;;<;<,;;<;=,;;<<;,;;<<<,;;<=;,;;=;;,;;=;<,;<;;;,;<;;<,;<;;=,;<;<;,;<<;;,;=;;;,<;;;;,<;;;<,<;;;=,<;;<;,<;;<<,<;;=;,<;<;;,<;<;<,<<;;;,=;;;;,=;;;<,=;<;; shape:9
# onwind solar H2 battery transmission offwind wind tsc gini
1466.8714 -1289.5353 1252.5633 -241.9244 2275.6434 -408.0228 42.1498 -2357.6098 0.0000 698.2038 -513.1570 1390.5527 -1137.4242 107.6700 404.1622 -250.7002 -314.9765 -160.1672 2742.7660 475.6795 -285.2911 250.7549 411.2126 -4246.0213 -5175.6721 -133.7883 388.4375 -1600.9522 0.0000 1120.3305 1670.9444 0.0000 6449.4982 -932.6188 -208.3079 -1014.3788
842.8753 -335.1969 -60.9274 0.0000 -1079.8879 452.3358 0.0000 772.4037 0.0000 -80.1276 -1911.4835 85.8169 0.0000 554.0241 -610.9574 170.5960 1140.5568 534.7047 314.1232 -380.3569 266.9456 -317.5464 -13.5786 -230.4464 1385.3233 655.4874 -230.2642 846.8885 105.0173 -791.3026 -1732.8870 -557.3138 645.4211 0.0000 0.0000 0.0000
155.7534 233.7794 -248.6611 90.0456 -542.4747 49.3689 0.0000 501.5083 0.0000 -131.6858 -37.6625 0.0000 0.0000 63.1792 0.0000 0.0000 0.0000 0.0000 40.0147 0.0000 0.0000 -74.4904 0.0000 0.0000 62.8158 2.3447 0.0000 -155.5466 0.0000 0.0000 0.0000 0.0000 52.9064 0.0000 0.0000 0.0000
420.5503 -3986.8674 7159.0164 -3787.3929 1239.2931 -2422.3770 1415.0779 29.0734 -15.1492 0.0000 85.3760 42.6816 0.0000 -18.3442 0.0000 0.0000 0.0000 0.0000 162.3049 -145.7570 0.0000 -15.0037 0.0000 -4.3830 944.4542 -1534.5919 809.5929 14.6053 0.0000 0.0000 -186.1732 0.0000 0.0000 0.0000 0.0000 0.0000
204.9777 118.6143 -147.7031 54.5961 179.7658 -13.8377 0.0000 -52.6621 0.0000 0.0000 -10.5616 0.0000 0.0000 -75.0244 0.0000 0.0000 0.0000 0.0000 4.7072 0.0000 0.0000 -110.0995 59.0281 -27.5760 79.6376 28.8305 0.0000 172.8521 0.0000 0.0000 84.3136 0.0000 172.2564 -279.1261 0.0000 0.0000
-7.6877 539.2199 -573.8650 164.4829 120.1287 2.3477 0.0000 -46.8990 0.0000 0.0000 79.3610 -397.7010 293.3659 -129.6045 0.0000 0.0000 0.0000 0.0000 -1600.6486 -24.5492 0.0000 0.6222 -119.0580 2490.9041 1530.0278 43.7077 -11.9919 95.8659 0.0000 0.0000 316.5806 0.0000 -4038.1011 1375.7181 0.0000 0.0000
1000.8651 -362.5477 303.4992 0.0000 1347.7657 -20.9997 0.0000 -1585.3190 0.0000 467.9941 637.0390 556.9353 -475.0045 -127.7097 7.1767 0.0000 -393.4285 0.0000 1066.0615 130.6888 -32.7381 284.1395 176.3462 -1558.2151 -2389.4185 -40.0471 54.6239 -569.0476 0.0000 454.4812 196.3495 0.0000 2288.3986 -446.0579 0.0000 0.0000
88.3375 9.0799 -10.9357 0.0000 34.2738 20.7239 0.0000 -11.6138 0.0000 0.0000 22.5152 0.0000 0.0000 0.0000 0.0000 0.0000 0.0000 0.0000 -46.6889 0.0000 0.0000 0.0000 0.0000 0.0000 67.1963 0.0000 0.0000 0.0000 0.0000 0.0000 0.0000 0.0000 87.7357 -25.6023 0.0000 0.0000
0.2802 0.0000 0.0000 0.0000 0.0000 0.0000 0.0000 0.0000 0.0000 0.0000 0.0000 0.0000 0.0000 0.0000 0.0000 0.0000 0.0000 0.0000 0.0000 0.0000 0.0000 0.0000 0.0000 0.0000 0.0000 0.0000 0.0000 0.0000 0.0000 0.0000 0.0000 0.0000 0.0000 0.0000 0.0000 0.0000
