# numpoly:1.0.6 names:q0,q1,q2,q3,q4 keys:;;;;;,;;;;<,;;;;=,;;;;>,;;;<;,;;;<<,;;;<=,;;;=;,;;;=<,;;;>;,;;<;;,;;<;<,;;<;=,;;<<;,;;<<<,;;<=;,;;=;;,;;=;<,;<;;;,;<;;<,;<;;=,;<;<;,;<<;;,;=;;;,<;;;;,<;;;<,<;;<;,<;;<<,<;<;;,<<;;;,<<;;<,<<;<;,<=;;;,=;;;;,=;;;<,=;;<;,=<;;; shape:9
# onwind solar H2 battery transmission offwind wind tsc gini
5156.9658 -1441.3978 361.7295 -20.5075 -449.1160 446.0744 -239.8005 859.0000 65.2870 -429.3287 -394.6034 1196.8792 -152.3714 -73.3752 -133.3653 0.0000 325.5773 -542.1131 718.3435 977.5525 0.0000 -839.0962 333.8115 -5297.8503 -14221.3346 269.1211 705.4704 -216.9780 -376.4806 13635.9098 -1284.9466 1187.2222 2597.6783 6478.2600 640.4337 -966.5312 -8058.4575
1154.5882 -107.2331 29.9061 0.0000 -546.4727 280.8999 0.0000 277.0753 -158.8826 0.0000 -1589.7034 -126.2726 0.0000 827.4436 0.0000 -212.7076 725.1060 0.0000 -302.4612 179.4251 -68.4449 -311.4916 -142.4294 -46.5386 626.0590 7.8469 -186.3458 0.0000 -597.0199 1106.3088 0.0000 0.0000 0.0000 -397.3668 0.0000 0.0000 0.0000
343.1570 240.5726 -295.0194 115.5872 -597.1579 198.8408 -52.8388 249.7175 0.0000 0.0000 -52.0370 -47.3678 0.0000 25.1210 0.0000 0.0000 0.0000 0.0000 -3.5029 0.0000 0.0000 0.0000 0.0000 0.0000 243.8495 7.4810 -193.2462 0.0000 78.6378 57.5823 0.0000 0.0000 0.0000 -80.7001 0.0000 0.0000 0.0000
-10.1779 50.4949 -26.6389 -4.4219 17.4209 -119.5628 76.0962 24.6001 -6.3743 0.0000 -5.4519 5.9984 0.0000 -0.1526 0.0000 0.0000 0.0000 0.0000 0.0000 0.0000 0.0000 0.0000 0.0000 0.0000 0.0000 0.0000 0.0000 0.0000 0.0000 0.0000 0.0000 0.0000 0.0000 0.0000 0.0000 0.0000 0.0000
326.1541 -54.1777 25.6190 0.0000 130.3829 -36.2129 0.0000 2.4444 0.0000 0.0000 75.3566 18.3389 0.0000 -62.3028 0.0000 0.0000 0.0000 0.0000 28.4278 25.0850 0.0000 0.0000 0.0000 -165.9894 -243.2712 0.0000 -28.2539 0.0000 0.0000 512.7498 0.0000 0.0000 0.0000 -143.9063 0.0000 0.0000 0.0000
-72.1382 138.1713 -111.0701 0.0000 62.6212 -311.4520 200.5370 29.8339 0.0000 0.0000 -20.6466 31.3771 0.0000 -19.3486 0.0000 0.0000 0.0000 0.0000 -1232.1173 49.0969 0.0000 -48.6904 -24.0597 1764.5172 1666.2222 -52.9622 103.1752 8.2843 104.0651 -3045.9547 0.0000 0.0000 0.0000 861.0611 0.0000 0.0000 0.0000
1116.3923 -130.6729 83.0201 -9.8770 55.2678 -41.6855 0.0000 245.6229 1.8291 -115.1187 415.6774 29.1072 0.0000 -174.2079 0.0000 0.0000 -53.5989 0.0000 1196.9175 -24.0115 0.0000 72.9451 214.5003 -1245.1648 -2161.0023 87.2208 103.2740 -91.3686 -269.0186 1582.6739 0.0000 0.0000 0.0000 34.1929 0.0000 0.0000 0.0000
90.6376 9.0291 -11.7916 0.0000 34.2633 22.3353 0.0000 -11.6578 0.0000 0.0000 23.5046 0.0000 0.0000 0.0000 0.0000 0.0000 0.0000 0.0000 -47.7678 0.0000 0.0000 0.0000 0.0000 0.0000 66.5986 0.0000 0.0000 0.0000 0.0000 89.1930 0.0000 0.0000 0.0000 -24.5589 0.0000 0.0000 0.0000
0.2591 0.0000 0.0000 0.0000 0.0000 0.0000 0.0000 0.0000 0.0000 0.0000 0.0000 0.0000 0.0000 0.0000 0.0000 0.0000 0.0000 0.0000 0.0000 0.0000 0.0000 0.0000 0.0000 0.0000 0.0000 0.0000 0.0000 0.0000 0.0000 0.0000 0.0000 0.0000 0.0000 0.0000 0.0000 0.0000 0.0000
