# numpoly:1.0.6 names:q0,q1,q2,q3,q4 keys:;;;;;,;;;;<,;;;;=,;;;;>,;;;<;,;;;<<,;;;<=,;;;=;,;;;=<,;;;>;,;;<;;,;;<;<,;;<;=,;;<<;,;;<<<,;;=;;,;<;;;,;<;;<,;<;;=,;<;<;,;<<;;,;=;;;,<;;;;,<;;;<,<;;;=,<;;<;,<;;<<,<;;=;,<;<;;,<;<;<,<<;;;,<<;<;,<=;;;,=;;;;,=;;<;,=<;;; shape:9
# onwind solar H2 battery transmission offwind wind tsc gini
7753.0936 8.6970 133.7147 -146.6775 -2208.5173 -486.9511 427.6998 -32.4570 0.0000 0.0000 425.2997 -243.3252 -38.4126 0.0000 0.0000 0.0000 2648.9936 521.7880 -227.8311 2767.3253 513.0019 -10773.7832 -28775.9203 -76.9774 0.0000 2998.8240 -51.9721 0.0000 -823.5728 135.9279 18017.7406 -3861.7899 12902.7344 22101.2442 343.3989 -23689.3902
-50.8687 -318.0097 -389.9715 363.2829 -501.1965 827.5937 -278.8437 302.4244 -369.3509 -255.6970 -1879.5772 427.3882 354.9604 500.3365 -808.1741 840.9556 1640.3839 162.2459 -196.3698 490.2192 -570.7965 545.0602 2552.3376 -834.8818 -146.0561 -571.4919 1079.1418 600.2166 -387.1168 0.0000 -1948.9154 -1162.5271 0.0000 614.6299 0.0000 0.0000
177.8438 -50.1801 -27.0571 0.0000 -907.2631 411.3095 0.0000 592.5747 -182.6869 0.0000 35.4559 60.6571 0.0000 -37.7134 0.0000 0.0000 237.5343 0.0000 0.0000 -196.5258 0.0000 195.1408 188.1356 -134.0218 0.0000 555.7963 0.0000 -376.8926 -76.3011 0.0000 -519.1313 0.0000 0.0000 148.0117 0.0000 0.0000
63.5157 -607.3805 1626.2587 -1196.6479 -43.5755 -1238.2746 935.1700 943.7735 -158.4807 -308.4659 76.1177 -996.2837 732.3370 160.4062 -22.0340 0.0000 256.4801 -84.2707 0.0000 -130.3987 0.0000 27.6369 376.0628 206.9442 -160.3503 -286.4920 66.0979 0.0000 0.0000 0.0000 -161.7426 0.0000 0.0000 0.0000 0.0000 0.0000
337.0290 155.3551 -131.6695 61.5704 76.5797 -38.4145 -36.4956 25.9302 0.0000 0.0000 30.4787 0.0000 0.0000 97.3990 0.0000 0.0000 231.7917 32.6065 0.0000 -191.8728 0.0000 0.0000 -38.2368 7.9606 0.0000 70.0228 0.0000 0.0000 -62.5242 0.0000 -28.4392 0.0000 0.0000 0.0000 0.0000 0.0000
-6134.1188 42.0585 30.4431 60.2902 1335.9059 194.8169 -271.8160 -160.4962 34.0661 0.0000 -152.6508 56.0617 0.0000 -42.3543 0.0000 0.0000 5776.7410 -184.6320 50.7385 -1111.4811 -131.7936 332.7965 17122.3260 80.8413 0.0000 -1886.2176 0.0000 79.6483 432.5365 0.0000 -17280.7188 1966.0708 -398.5587 -10302.0750 0.0000 10828.8607
759.6203 72.1687 -85.3346 -11.7957 133.9213 -195.4625 145.8556 -180.1148 124.3461 0.0000 365.0391 -43.6184 -69.1406 -0.7353 0.0000 -70.1859 694.1216 98.7898 0.0000 0.0000 222.0545 0.0000 -1732.4590 324.1308 0.0000 310.7377 -328.8525 0.0000 -245.3115 0.0000 -500.1473 0.0000 0.0000 841.3774 0.0000 0.0000
91.1639 8.7583 -10.4427 0.0000 35.8547 21.1354 0.0000 -12.9939 0.0000 0.0000 27.8102 0.0000 0.0000 0.0000 0.0000 0.0000 -51.8583 0.0000 0.0000 0.0000 0.0000 0.0000 67.0485 0.0000 0.0000 0.0000 0.0000 0.0000 0.0000 0.0000 84.5344 0.0000 0.0000 -22.9050 0.0000 0.0000
0.6024 -0.0118 0.0000 0.0000 0.0117 0.0000 0.0000 0.0000 0.0000 0.0000 0.0345 0.0000 0.0000 0.0000 0.0000 0.0000 -0.0061 0.0000 0.0000 0.0000 0.0000 0.0000 -0.0148 0.0000 0.0000 0.0000 0.0000 0.0000 0.0000 0.0000 0.0000 0.0000 0.0000 0.0000 0.0000 0.0000
