# numpoly:1.0.6 names:q0,q1,q2,q3,q4 keys:;;;;;,;;;;<,;;;;=,;;;;>,;;;<;,;;;<<,;;;<=,;;;=;,;;;=<,;;;>;,;;<;;,;;<;<,;;<;=,;;<<;,;;<<<,;;=;;,;<;;;,;<;;<,;<;<;,;<<;;,;=;;;,<;;;;,<;;;<,<;;;=,<;;<;,<;;<<,<;;=;,<;<;;,<;<<;,<<;;;,<<;<;,<=;;;,=;;;;,=;;<;,=<;;; shape:9
# onwind solar H2 battery transmission offwind wind tsc gini
5755.4339 14.8342 -140.1686 -53.4039 -534.0095 -6.7350 228.6231 -445.2825 0.0000 177.8502 497.5382 -200.3192 0.0000 78.6838 0.0000 -242.1207 5765.0453 222.3099 1502.2237 536.5679 -12025.8407 -26451.4183 251.7410 0.0000 520.3553 -352.3317 0.0000 -393.8839 -94.2321 14579.2384 -2161.8690 14303.2093 21653.7579 1099.1699 -23844.0117
1035.5472 -393.4551 0.8356 172.1360 85.9396 357.8980 -308.3203 -22.2814 0.0000 0.0000 -1667.1807 317.5059 0.0000 -124.1585 0.0000 856.7207 139.8819 5.8176 -36.2652 -168.9462 -491.3498 863.3327 -262.6118 0.0000 77.9545 10.8432 0.0000 -588.5805 0.0000 1216.3035 0.0000 0.0000 -503.8857 0.0000 0.0000
10.4129 -76.2146 -6.0765 3.9954 -704.2101 465.2240 -80.4676 416.1554 -145.7350 0.0000 -5.3409 22.0922 0.0000 -28.3407 0.0000 0.0000 386.4865 59.1765 -213.7535 0.0000 333.0406 391.6989 -143.1218 0.0000 397.6292 0.0000 -235.6600 0.0000 0.0000 -1073.5379 0.0000 0.0000 316.0809 0.0000 0.0000
-5.3874 -671.7693 2170.6927 -1588.1113 425.4603 -1676.1564 1298.1107 431.4456 -310.7160 0.0000 96.7960 -821.3273 689.1793 109.5958 -46.5432 0.0000 102.1145 -144.5312 -5.4139 20.0458 0.0000 476.4721 -135.5835 -48.1886 -403.9908 206.6072 0.0000 -104.5452 0.0000 0.0000 0.0000 0.0000 0.0000 0.0000 0.0000
173.5236 253.6090 -314.2165 141.6775 56.4609 -38.8802 -24.1082 51.7485 0.0000 0.0000 62.7795 -52.6609 0.0000 45.7961 0.0000 0.0000 441.3931 0.0000 -87.8502 -4.6385 1.7889 109.7711 106.2939 0.0000 0.0000 0.0000 0.0000 0.0000 0.0000 -402.2553 0.0000 0.0000 84.8672 0.0000 0.0000
-4882.3113 72.9453 31.7273 9.0684 -181.9716 -42.6158 -70.1604 131.0170 58.9653 -83.5058 -38.0793 37.2403 0.0000 0.0000 0.0000 38.1331 4035.8191 -151.3392 83.8810 -268.2239 989.1761 15354.0356 110.5288 0.0000 115.1348 0.0000 0.0000 329.9481 0.0000 -15082.7002 285.5936 -968.8906 -9832.7299 -281.5103 10584.3369
429.3350 140.2172 -137.1080 0.0000 39.8065 -50.5799 87.5652 -102.7020 45.8783 0.0000 504.1211 -150.7158 0.0000 0.0000 0.0000 -140.6667 1159.1981 71.8396 0.0000 113.3993 0.0000 -1464.1663 264.4937 0.0000 214.6739 -244.2745 0.0000 -94.6985 0.0000 -921.3306 0.0000 0.0000 859.8127 0.0000 0.0000
88.4501 7.2155 -9.0221 0.0000 38.0467 20.8828 0.0000 -14.3795 0.0000 0.0000 28.0486 0.0000 0.0000 0.0000 0.0000 0.0000 -45.3770 0.0000 0.0000 0.0000 0.0000 65.1151 0.0000 0.0000 0.0000 0.0000 0.0000 0.0000 0.0000 77.0819 0.0000 0.0000 -17.8903 0.0000 0.0000
0.5637 0.0069 0.0000 0.0000 -0.0006 0.0000 0.0000 0.0000 0.0000 0.0000 0.0935 0.0000 0.0000 0.0000 0.0000 0.0000 -0.0183 0.0000 0.0000 0.0000 0.0000 0.0009 0.0000 0.0000 0.0000 0.0000 0.0000 0.0000 0.0000 0.0000 0.0000 0.0000 0.0000 0.0000 0.0000
