# numpoly:1.0.6 names:q0,q1,q2,q3,q4 keys:;;;;;,;;;;<,;;;;=,;;;;>,;;;<;,;;;<<,;;;<=,;;;=;,;;;=<,;;<;;,;;<;<,;;<;=,;;<<;,;;=;;,;<;;;,;<;;<,;<;<;,;<<;;,;=;;;,<;;;;,<;;;<,<;;;=,<;;<;,<;<;;,<<;;;,=;;;; shape:9
# onwind solar H2 battery transmission offwind wind tsc gini
1877.0876 152.5183 -255.1333 156.9068 -40.1280 434.4986 -168.9440 -105.9037 0.0000 396.9915 0.0000 0.0000 -81.8743 -139.8043 988.4629 59.4731 94.7488 143.9805 -1908.5288 -2428.7973 -150.1877 0.0000 0.0000 0.0000 2897.1165 -506.9201
-91.4897 -205.7840 109.4804 -7.5215 319.4876 -336.8244 0.0000 51.3371 118.2293 -515.8954 161.2873 -78.6432 143.7446 31.6039 -51.1506 -6.5136 157.0744 0.0000 415.2085 1175.5740 86.8205 47.2243 -454.2522 0.0000 -1063.0549 213.4838
165.2854 21.7538 -109.9500 127.7158 -212.2557 244.8885 -227.0906 -10.6251 17.1373 49.5274 0.0000 0.0000 0.0000 0.0000 3.0706 0.0000 0.0000 0.0000 0.0000 -14.0103 22.8893 0.0000 40.5679 -24.8573 0.0000 0.0000
-154.0170 341.5599 797.2187 -1050.8287 445.1422 -1787.7017 1642.6993 278.7766 -386.9083 62.2072 -513.7995 369.6650 0.0000 26.3372 -37.4806 38.1564 -21.2903 0.0000 0.0000 125.2137 -156.6560 21.5553 0.0000 0.0000 -0.6036 0.0000
285.1388 -30.1201 161.4661 -92.1535 -36.1368 -26.4975 0.0000 123.4689 0.0000 45.1452 0.0000 0.0000 -38.8209 50.9049 159.7811 2.2601 0.0000 0.0000 221.7507 138.3121 -41.2337 0.0000 -15.1342 -83.5768 -708.9181 420.4062
-70.6890 1.0894 0.0000 0.0000 14.9069 0.0000 0.0000 0.0000 0.0000 2.5134 0.0000 0.0000 0.0000 0.0000 52.4952 -12.8499 -12.8815 0.0000 80.8783 96.1802 9.2066 0.0000 0.6100 0.0000 -219.0575 53.6591
1885.3005 133.5239 -221.4042 137.0383 15.0336 430.7412 -162.5450 -110.3418 0.0000 407.5967 6.6940 0.0000 -89.3214 -137.3246 869.0365 24.8320 49.4949 133.6296 -1654.3716 -2379.8913 -127.8513 0.0000 0.0000 0.0000 2580.6216 -379.2948
90.2367 7.3550 -9.6624 0.0000 34.7168 21.9353 0.0000 -12.0409 0.0000 28.5332 0.0000 0.0000 0.0000 0.0000 -46.7435 0.0000 0.0000 0.0000 0.0000 70.4120 0.0000 0.0000 0.0000 0.0000 78.8040 -20.8281
0.5225 0.0027 0.0000 0.0000 0.0532 0.0000 0.0000 0.0000 0.0000 -0.0145 0.0000 0.0000 0.0000 0.0000 -0.0758 0.0000 0.0000 0.0000 0.0000 0.1143 0.0000 0.0000 0.0000 0.0000 0.0000 0.0000
