# numpoly:1.0.6 names:q0,q1,q2,q3,q4 keys:;;;;;,;;;;<,;;;;=,;;;;>,;;;<;,;;;<<,;;;<=,;;;=;,;;;=<,;;;>;,;;<;;,;;<;<,;;<;=,;;<<;,;;<<<,;;=;;,;<;;;,;<;;<,;<;;=,;<;<;,;<<;;,;=;;;,<;;;;,<;;;<,<;;;=,<;;<;,<;<;;,<;<;<,<<;;;,<<;<;,=;;;;,=;;<; shape:9
# onwind solar H2 battery transmission offwind wind tsc gini
2095.9067 -216.9504 -523.7762 260.4816 -813.4688 742.6866 -9.5060 15.5639 -361.5591 0.0000 -274.0319 349.5708 0.0000 -151.7211 0.0000 0.0000 2948.8892 -341.6701 268.7363 -170.9971 665.2191 -4423.0686 -5558.0790 829.9884 -298.4186 1907.3583 3.6566 -580.5763 6577.9867 373.8595 -959.1137 -1454.0505
264.0183 123.5767 325.7258 -193.0771 52.5215 -409.8456 350.8068 201.8161 -183.5645 0.0000 -736.8956 218.8517 -375.8878 0.0000 0.0000 548.5542 -86.8092 75.1391 0.0000 -89.4247 0.0000 0.0000 946.8578 -1069.3837 284.3927 47.6439 -977.4160 614.4709 370.5532 0.0000 0.0000 0.0000
84.4715 266.0217 -228.1408 133.1798 -262.5318 -17.0586 -111.4429 193.2292 44.2324 -11.7518 18.5899 -14.7281 0.0000 26.3504 0.0000 0.0000 46.9436 0.0000 0.0000 0.0000 0.0000 0.0000 40.8556 24.1038 0.0000 -134.1765 0.0000 0.0000 0.0000 0.0000 0.0000 0.0000
284.5832 -1194.3401 2560.5681 -1602.2952 818.7767 -1823.8136 1233.0708 -94.3696 -12.8704 0.0000 -279.6329 -24.7989 0.0000 -94.1389 58.1267 142.5534 -72.0092 -76.7339 0.0000 41.4704 96.2635 0.0000 54.7655 0.0000 0.0000 73.8208 -64.8586 0.0000 0.0000 0.0000 0.0000 0.0000
511.1874 -12.9300 0.4704 0.0000 130.2421 -3.1779 -0.4749 -0.6218 29.6365 0.0000 -10.2813 -0.2483 0.0000 18.2990 0.0000 0.0000 68.8160 6.2106 0.0000 -209.8095 0.0000 0.0000 -147.7069 0.0000 0.0000 102.5520 7.1060 0.0000 153.7171 0.0000 -18.3997 0.0000
-41.9110 35.4804 -3.0369 0.0000 24.8190 -102.1402 -6.4142 -52.0280 90.5075 0.0000 216.8966 18.7171 0.0000 14.9706 0.0000 -68.7938 -1412.6796 0.0000 0.0000 -28.4706 -203.2289 2506.9008 1516.3548 14.0819 0.0000 117.4715 156.2104 0.0000 -4125.7701 0.0000 1439.2556 0.0000
1365.4534 80.5400 -397.9559 261.5266 25.8182 540.6852 -127.6311 -127.2920 -101.7689 0.0000 257.4348 -34.9862 0.0000 -117.0888 0.0000 -102.8861 1162.6985 -38.8667 0.0000 91.2943 369.5937 -1774.9016 -2312.2036 190.3452 -88.3719 -64.2044 -78.4980 -96.2050 2615.7275 0.0000 -480.8233 -0.6437
89.2949 9.2762 -11.7909 0.0000 32.1450 21.8958 0.0000 -11.7122 0.0000 0.0000 26.3496 0.0000 0.0000 0.0000 0.0000 0.0000 -51.8312 0.0000 0.0000 0.0000 0.0000 0.0000 62.5569 0.0000 0.0000 0.0000 0.0000 0.0000 82.7756 0.0000 -22.1091 0.0000
0.6071 0.0022 0.0000 0.0000 0.0169 0.0000 0.0000 0.0000 0.0000 0.0000 -0.0171 0.0000 0.0000 0.0000 0.0000 0.0000 -0.0282 0.0000 0.0000 0.0000 0.0000 0.0000 0.0634 0.0000 0.0000 0.0000 0.0000 0.0000 0.0000 0.0000 0.0000 0.0000
