# numpoly:1.0.6 names:q0,q1,q2,q3,q4 keys:;;;;;,;;;;<,;;;;=,;;;;>,;;;<;,;;;<<,;;;<=,;;;=;,;;;=<,;;;>;,;;<;;,;;<;<,;;<;=,;;<<;,;;<<<,;;<=;,;;=;;,;<;;;,;<;;<,;<;;=,;<;<;,;<;<<,;<<;;,;<<;<,;=;;;,<;;;;,<;;;<,<;;;=,<;;<;,<;;<<,<;<;;,<<;;;,<=;;;,=;;;;,=<;;; shape:9
# onwind solar H2 battery transmission offwind wind tsc gini
2126.3884 155.2643 -168.0114 0.0000 191.7688 -97.0469 138.3055 -47.3486 -52.1007 0.0000 245.7490 -257.1701 37.9418 0.0000 0.0000 0.0000 -108.3468 12757.3955 223.8060 0.0000 -254.0303 0.0000 816.0757 0.0000 -13518.8915 -21653.2852 -31.8347 0.0000 186.7513 0.0000 -523.3075 2208.4518 17582.2158 22679.6455 -22482.5987
4232.9010 -2376.4684 829.4701 145.4300 -912.4898 976.9817 -421.6490 1162.3073 -135.9738 -601.8405 -2718.6862 2099.2518 0.0000 427.8000 -1307.5308 186.0073 850.9616 -2277.7122 588.6291 -400.5898 -671.7793 677.7985 -253.2143 -858.2033 1188.0523 -5094.7958 -159.4935 -184.4188 105.5594 273.0897 351.9042 4832.4563 0.0000 3721.5126 -3821.0781
272.6676 -15.3486 66.2087 0.0000 -497.6309 335.4305 -137.3859 281.8251 -99.8592 0.0000 -49.2543 11.5946 0.0000 10.0554 0.0000 0.0000 0.0000 -18.0881 25.2289 0.0000 -181.6129 0.0000 0.0000 0.0000 0.0000 95.7243 -98.8996 0.0000 51.2423 0.0000 0.0000 129.2506 0.0000 -78.8958 0.0000
98.9841 -1302.8179 2347.6717 -1307.0994 529.7419 -1183.9988 875.1992 133.9849 -121.6833 -30.2983 -141.2666 39.8379 66.9982 0.0000 0.0000 0.0000 55.5806 270.6954 -266.4823 0.0000 26.4206 0.0000 0.0000 0.0000 259.6288 248.3354 -22.6560 0.0000 -122.6867 20.0535 -68.0872 -610.5855 0.0000 248.8547 0.0000
332.9640 143.0330 -120.4336 17.3014 277.5935 -237.4905 0.0000 -98.6912 156.1393 0.0000 46.3266 -58.0307 0.0000 28.5367 0.0000 0.0000 0.0000 158.5703 2.3587 0.0000 -26.6074 0.0000 28.0944 0.0000 236.8193 -81.4206 130.9541 0.0000 -47.6080 0.0000 0.0000 -629.3711 0.0000 322.7868 0.0000
-3493.0330 500.2309 -146.7349 31.0494 302.7577 -614.8505 0.0000 -180.4399 291.0039 0.0000 293.7724 -144.2397 0.0000 -146.9729 237.0530 0.0000 0.0000 -1947.8335 -80.0246 2.4799 226.3699 0.0000 -380.9893 0.0000 4697.8184 15602.6448 69.5457 0.0000 -93.2438 0.0000 181.6185 -8864.4196 -6028.8502 -12652.4555 12824.7506
74.1650 262.2907 -223.4581 0.0000 343.4422 -93.0545 155.1453 -445.8209 0.0000 163.4392 408.2693 -170.5326 0.0000 0.0000 0.0000 0.0000 -70.5782 1011.3182 222.4275 0.0000 74.7216 -120.5187 372.3165 0.0000 683.6135 -599.3869 20.5324 0.0000 57.7736 0.0000 -373.9693 -2792.9227 0.0000 1659.4526 0.0000
96.0377 10.4087 -12.6066 0.0000 32.3582 22.7256 0.0000 -10.8369 0.0000 0.0000 27.9980 0.0000 0.0000 0.0000 0.0000 0.0000 0.0000 -60.6912 0.0000 0.0000 0.0000 0.0000 0.0000 0.0000 0.0000 72.8539 0.0000 0.0000 0.0000 0.0000 0.0000 94.8928 0.0000 -30.5828 0.0000
0.6515 -0.0256 0.0000 0.0000 -0.0026 0.0000 0.0000 0.0000 0.0000 0.0000 0.0577 0.0000 0.0000 0.0000 0.0000 0.0000 0.0000 -0.0045 0.0000 0.0000 0.0000 0.0000 0.0000 0.0000 0.0000 -0.0747 0.0000 0.0000 0.0000 0.0000 0.0000 0.0000 0.0000 0.0000 0.0000
