# numpoly:1.0.6 names:q0,q1,q2,q3,q4 keys:;;;;;,;;;;<,;;;;=,;;;;>,;;;<;,;;;<<,;;;<=,;;;=;,;;;=<,;;<;;,;;<;<,;;<<;,;;<<<,;;=;;,;<;;;,;<;;<,;<;<;,;<;<<,;<;=;,;<<;;,;=;;;,<;;;;,<;;;<,<;;<;,<;;=;,<;<;;,<<;;;,=;;;; shape:9
# onwind solar H2 battery transmission offwind wind tsc gini
1236.4717 -469.2895 252.1858 -142.6506 187.1788 541.8588 64.0653 -58.0007 -272.3292 710.1417 0.0000 -146.8539 0.0000 0.0000 1898.7107 287.1485 -144.7181 -300.8948 264.2157 262.8033 -3048.4833 -3557.6680 -38.6141 -54.4244 -61.0091 -782.5961 4985.1883 -754.4770
939.8389 -249.7837 11.0563 0.0000 -388.9246 654.4740 -162.5674 -149.9498 0.0000 -1309.3037 34.4179 368.2487 -290.4418 446.6573 -42.8687 0.0000 0.0000 0.0000 0.0000 -81.0320 -379.9208 647.6140 30.5690 0.0000 0.0000 -68.7343 1188.6117 -766.1011
221.7507 -4.5295 3.5218 18.0572 -89.3435 84.4514 -63.6295 9.0065 4.6861 9.4241 -4.4769 0.0000 0.0000 0.0000 -105.0731 0.0000 17.4190 0.0000 0.0000 0.0000 0.0000 5.2450 0.0000 -3.7497 0.0000 0.0000 0.0000 0.0000
-11.9849 39.7879 1.7542 -21.6440 11.4762 -120.7924 82.5530 26.4948 -10.2865 -1.6923 2.9043 -0.7491 0.0000 0.0000 6.1177 0.0000 0.0000 0.0000 0.0000 0.0000 0.0000 -2.8488 0.0000 0.0000 0.0000 0.0000 0.0000 0.0000
504.1923 -41.9382 -9.8757 0.0000 129.1857 26.8116 0.0000 0.0000 0.0000 7.5882 0.0000 0.0000 0.0000 0.0000 -154.9670 -13.0393 -88.6846 0.0000 0.0000 0.0000 0.0000 82.3506 44.6785 0.0000 0.0000 0.0000 349.3167 -227.2803
-17.8716 90.6538 -101.8488 38.0348 -47.8054 56.9761 0.0000 10.0456 0.0000 -147.5775 2.9427 56.2985 0.0000 0.0000 -937.6988 -50.4095 0.0000 0.0000 0.0000 -57.4037 1733.3113 1382.3370 0.0000 8.5254 0.0000 236.4450 -3132.8309 960.5265
1158.7590 -79.7864 17.4992 -37.4140 61.7145 247.0389 72.9054 100.7889 -217.6007 575.9947 0.0000 -68.5704 0.0000 0.0000 858.9646 10.8701 33.3852 0.0000 0.0000 109.0817 -1151.8972 -2015.5740 -34.2842 -105.2257 0.0000 -477.1160 1750.7154 132.0659
97.5995 -0.1570 -11.1499 0.0000 44.7530 21.7036 0.0000 -11.7807 0.0000 26.1271 0.0000 0.0000 0.0000 0.0000 -73.3391 0.0000 0.0000 0.0000 0.0000 0.0000 0.0000 70.9686 0.0000 0.0000 0.0000 0.0000 86.4901 -26.9620
0.5583 -0.0033 0.0000 0.0000 0.0269 0.0000 0.0000 0.0000 0.0000 0.0340 0.0000 0.0000 0.0000 0.0000 0.0233 0.0000 0.0000 0.0000 0.0000 0.0000 0.0000 0.0022 0.0000 0.0000 0.0000 0.0000 0.0000 0.0000
