# numpoly:1.0.6 names:q0,q1,q2,q3,q4 keys:;;;;;,;;;;<,;;;;=,;;;;>,;;;<;,;;;<<,;;;<=,;;;=;,;;;=<,;;<;;,;;<;<,;;<;=,;;<<;,;;<<<,;;=;;,;;=;<,;<;;;,;<;;<,;<;<;,;<;<<,;<<;;,;=;;;,<;;;;,<;;;<,<;;<;,<;;<<,<;;=;,<;<;;,<<;;;,<<;<;,=;;;;,=;;<; shape:9
# onwind solar H2 battery transmission offwind wind tsc gini
1558.7787 -1120.0318 923.5218 -288.3472 961.4423 214.4473 -55.5877 -142.9454 0.0000 -329.0104 820.6879 -506.9594 -150.9251 243.4276 135.1472 -217.9793 3175.9506 -312.2963 -694.7558 150.2452 509.8059 -5453.5657 -4221.8727 643.4794 -1340.4318 -471.2367 110.5659 -218.5377 8371.3290 1415.7693 -2559.5716 -208.1429
354.6067 -5.6534 91.2592 -45.7625 157.4773 -682.1402 293.4438 70.1668 -30.3360 -763.8697 343.5532 0.0000 -391.9256 0.0000 891.1830 0.0000 113.5328 31.3295 223.1972 0.0000 -205.1154 -439.3152 734.3500 -239.5189 228.4155 0.0000 0.0000 -1317.6240 940.8493 0.0000 0.0000 0.0000
319.9028 182.8308 -130.7295 44.4899 -410.0418 54.0334 -72.0745 202.9616 0.0000 -30.9836 -29.6719 0.0000 16.4775 0.0000 0.0000 0.0000 -92.4187 51.4759 -26.9166 0.0000 0.0000 0.0000 -166.9880 27.5813 -35.9232 0.0000 0.0000 39.6882 160.4124 0.0000 0.0000 0.0000
-235.6661 -369.9917 1275.2967 -841.1229 901.5869 -1744.3625 1063.2634 -51.8128 0.0000 156.3320 68.6266 0.0000 -116.1561 0.0000 0.0000 0.0000 27.4940 -141.7291 98.5939 0.0000 0.0000 0.0000 136.8772 -25.7362 29.0854 0.0000 0.0000 -164.7455 0.0000 0.0000 0.0000 0.0000
422.0887 13.7304 1.5150 0.0000 152.8164 -5.7073 0.0000 -8.9004 0.0000 58.2609 -30.0917 0.0000 0.0000 0.0000 0.0000 0.0000 -21.9098 0.0000 -74.0542 0.0000 0.0000 0.0000 128.6723 13.7822 0.0000 0.0000 0.0000 0.0000 225.2154 0.0000 -167.5799 0.0000
-245.4801 133.9655 -231.3248 127.5193 61.2685 73.3294 0.0000 -34.2407 0.0000 25.7148 -28.6692 0.0000 94.2664 0.0000 -71.9224 0.0000 -1506.6833 81.1943 -354.4610 0.0000 -127.4887 3245.9662 2233.8056 -125.4875 272.9225 0.0000 0.0000 226.0202 -5455.3398 0.0000 1675.4341 0.0000
1874.3932 -654.7225 425.9632 -75.8055 -45.8948 489.1455 -145.2170 -93.0265 0.0000 36.3296 287.0390 -299.4674 54.9931 47.9492 -86.7704 0.0000 698.1219 -110.6060 195.0549 0.0000 292.3667 -2068.1704 -2652.7122 319.3787 -169.7107 -215.0387 0.0000 0.0000 3817.8635 0.0000 -916.9130 0.0000
87.1104 10.2420 -11.8323 0.0000 32.9532 20.5058 0.0000 -10.3724 0.0000 22.8662 0.0000 0.0000 0.0000 0.0000 0.0000 0.0000 -37.8045 0.0000 0.0000 0.0000 0.0000 0.0000 60.2013 0.0000 0.0000 0.0000 0.0000 0.0000 77.0254 0.0000 -15.7936 0.0000
0.3029 0.0000 0.0000 0.0000 0.0000 0.0000 0.0000 0.0000 0.0000 0.0000 0.0000 0.0000 0.0000 0.0000 0.0000 0.0000 0.0000 0.0000 0.0000 0.0000 0.0000 0.0000 0.0000 0.0000 0.0000 0.0000 0.0000 0.0000 0.0000 0.0000 0.0000 0.0000
