# numpoly:1.0.6 names:q0,q1,q2,q3,q4 keys:;;;;;,;;;;<,;;;;=,;;;;>,;;;<;,;;;<<,;;;<=,;;;=;,;;;=<,;;;>;,;;<;;,;;<;<,;;<;=,;;<<;,;;<<<,;;=;;,;<;;;,;<;;<,;<;;=,;<;<;,;<<;;,;=;;;,<;;;;,<;;;<,<;;;=,<;;<;,<;;<<,<;;=;,<;<;;,<<;;;,<<;<;,=;;;;,=;;<;,=<;;; shape:9
# onwind solar H2 battery transmission offwind wind tsc gini
3449.8208 606.0587 -107.3767 0.0000 3193.9687 -973.7599 141.2557 -117.8458 0.0000 2.7444 311.2114 310.8153 0.0000 384.0404 -616.8152 0.0000 -322.9590 0.0000 0.0000 -2552.9325 -87.3845 -1754.1890 -12726.8067 -709.1048 -6.6691 -4051.2541 1389.8315 0.0000 -193.7178 12236.2409 3692.5957 7897.1893 -291.4465 -8206.6421
737.8786 -306.6233 -160.8606 81.4287 -980.2744 1051.8414 0.0000 631.1698 -683.9164 0.0000 -1039.9973 29.5206 0.0000 59.6070 30.6895 639.8926 425.1052 -93.3730 0.0000 106.7135 -329.9748 58.6233 1124.3257 -47.6537 0.0000 -263.3444 0.0000 0.0000 -384.1365 -175.9663 0.0000 0.0000 0.0000 0.0000
381.8406 202.3136 -443.8243 266.5029 -538.5154 470.8593 -188.2951 170.5937 -34.0425 0.0000 -76.9637 0.0000 0.0000 90.3678 0.0000 0.0000 -140.7778 0.0000 0.0000 0.0000 0.0000 0.0000 55.2121 -74.6827 0.0000 -167.8737 0.0000 0.0000 0.0000 189.7258 0.0000 -7.3133 0.0000 0.0000
340.0694 -1979.0630 3911.2610 -2385.7967 571.6709 -2194.6586 1837.9564 520.3019 -504.9067 0.0000 -25.4782 -161.1388 81.4702 51.4941 0.0000 0.0000 7.3282 -498.5663 289.6329 57.0961 19.7316 112.4321 325.6460 388.3156 -466.8761 -493.1339 314.6816 0.0000 -20.5661 -152.3802 0.0000 57.5306 0.0000 0.0000
273.6535 34.2385 8.3515 0.0000 54.5002 -71.8554 0.0000 9.3022 0.0000 0.0000 37.8520 11.1747 0.0000 -23.3235 0.0000 0.0000 62.1600 0.0000 0.0000 -20.0235 0.0000 0.0000 -51.5756 0.0000 0.0000 76.1942 0.0000 0.0000 -12.2480 0.0000 0.0000 0.0000 0.0000 0.0000
281.6618 -130.5837 24.8774 0.0000 -23.5984 296.0261 -80.2659 -141.5930 76.0537 0.0000 -101.9657 23.1892 0.0000 -49.8822 0.0000 0.0000 -1393.7894 10.4033 0.0000 -193.2666 33.8702 1310.9567 1099.9499 197.6431 0.0000 517.1168 -365.4815 0.0000 134.9991 -1737.5466 0.0000 339.1983 0.0000 0.0000
914.2764 283.0904 -41.9377 0.0000 1064.7833 -398.9157 0.0000 -243.0911 29.3518 36.7291 308.6332 66.0761 0.0000 144.2232 -243.3390 -21.8025 1534.4792 8.7573 0.0000 -340.1983 0.0000 -315.0190 -2481.1576 -103.2861 0.0000 -1023.6589 469.7269 -71.3684 -53.6127 -233.5119 749.9884 1435.3225 0.0000 -453.8231
98.8501 9.9360 -12.0433 0.0000 33.0127 22.5186 0.0000 -11.2118 0.0000 0.0000 27.9512 0.0000 0.0000 0.0000 0.0000 0.0000 -62.1570 0.0000 0.0000 0.0000 0.0000 0.0000 67.1596 0.0000 0.0000 0.0000 0.0000 0.0000 0.0000 96.8928 0.0000 -28.1950 0.0000 0.0000
0.3021 -0.0598 0.0000 0.0000 0.0415 0.0000 0.0000 0.0000 0.0000 0.0000 0.0349 0.0000 0.0000 0.0000 0.0000 0.0000 -0.0401 0.0000 0.0000 0.0000 0.0000 0.0000 0.1991 0.0000 0.0000 0.0000 0.0000 0.0000 0.0000 0.0000 0.0000 0.0000 0.0000 0.0000
