# numpoly:1.0.6 names:q0,q1,q2,q3,q4 keys:;;;;;,;;;;<,;;;;=,;;;;>,;;;<;,;;;<<,;;;<=,;;;=;,;;;=<,;;<;;,;;<;<,;;<;=,;;<<;,;;<<<,;;=;;,;<;;;,;<;;<,;<;<;,;<;<<,;=;;;,<;;;;,<;;;<,<;;;=,<;;<;,<;;<<,<;<;;,<<;;;,=;;;;,=<;;; shape:9
# onwind solar H2 battery transmission offwind wind tsc gini
113.6425 -71.3997 -224.3016 44.1043 -60.8570 257.2754 291.8198 -106.7574 0.0000 660.9187 -406.3462 0.0000 -182.2109 293.8886 -173.8868 1612.9273 660.3972 543.8629 -859.4246 -1306.9834 265.1399 387.9480 -234.6398 -33.6497 0.0000 202.3817 -320.9038 -1437.4587 1057.5488
859.6909 -246.5007 547.5966 1.7364 533.9135 -582.7489 -179.7547 -4.9861 0.0000 -1637.1655 807.5577 -188.2956 -95.4071 -77.8593 1119.7485 -58.5765 -218.1096 100.4458 0.0000 -864.4521 638.4865 -746.5106 0.0000 -504.6281 799.6219 -1192.5640 1988.7171 -260.0268 0.0000
26.7420 137.0954 -44.2540 0.0000 -269.7917 115.2992 -64.8327 105.2358 0.0000 52.5868 -29.3413 0.0000 0.0000 0.0000 0.0000 36.1270 0.0000 97.8388 0.0000 0.0000 213.1305 0.0000 0.0000 -146.9482 0.0000 0.0000 -124.1782 0.0000 0.0000
567.3769 -1188.8441 1839.7333 -876.7013 463.2017 -574.1929 316.7100 62.2404 -100.3877 -220.7372 223.0941 0.0000 59.2715 -95.5991 13.4494 -164.0520 -206.5845 -142.0956 48.0566 -149.0142 -286.4640 -273.8714 144.7044 14.9995 9.8754 -72.2276 687.0680 -64.8774 0.0000
582.7472 -6.5908 -16.6452 0.0000 60.3998 0.0000 0.0000 0.0000 0.0000 26.5275 0.0000 0.0000 0.0000 0.0000 -17.1517 -189.4381 0.0000 15.9485 0.0000 -202.3460 -30.8772 21.8843 0.0000 0.0000 0.0000 0.0000 654.4056 -281.1381 0.0000
64.9541 47.3683 12.2268 0.0000 75.2030 -99.8375 0.0000 0.0000 0.0000 18.8189 0.0000 0.0000 5.3090 0.0000 0.0000 -308.1970 -99.8199 -110.8245 139.7059 626.5856 40.4424 43.4187 0.0000 57.8514 -60.7679 0.0000 -854.7116 398.5622 0.0000
970.8877 150.1206 -262.0616 22.4722 16.2209 71.0487 251.3128 -97.6410 0.0000 571.8496 -297.2877 0.0000 -89.5475 160.4780 -190.9378 457.4878 162.9768 91.0219 -146.8095 -510.5417 -1240.4371 462.4936 -92.6488 220.9326 -356.3428 234.8935 521.7568 -77.1132 0.0000
89.7328 12.0184 -10.6639 0.0000 33.6074 22.6289 0.0000 -11.1004 0.0000 30.5286 0.0000 0.0000 0.0000 0.0000 0.0000 -76.8958 0.0000 0.0000 0.0000 0.0000 76.2055 0.0000 0.0000 0.0000 0.0000 0.0000 90.5260 -26.3025 0.0000
0.5959 -0.0314 0.0000 0.0000 0.0264 0.0000 0.0000 0.0000 0.0000 -0.0100 0.0000 0.0000 0.0000 0.0000 0.0000 0.0306 0.0000 0.0000 0.0000 0.0000 0.0119 0.0000 0.0000 0.0000 0.0000 0.0000 0.0000 0.0000 0.0000
