# numpoly:1.0.6 names:q0,q1,q2,q3,q4 keys:;;;;;,;;;;<,;;;;=,;;;;>,;;;<;,;;;<<,;;;<=,;;;=;,;;;=<,;;;>;,;;<;;,;;<;<,;;<;=,;;<<;,;;<<<,;;=;;,;<;;;,;<;;<,;<;<;,;<;<<,;<<;;,;=;;;,<;;;;,<;;;<,<;;<;,<;;<<,<;;=;,<;<;;,<<;;;,<<;;<,=;;;;,=;;;< shape:9
# onwind solar H2 battery transmission offwind wind tsc gini
425.5131 570.7058 115.3941 -22.1958 42.7959 -759.9546 48.3780 -111.8735 248.6735 0.0000 409.4365 -321.8167 -194.7260 -433.3152 615.4319 0.0000 2879.4064 -464.8365 480.5336 -357.7938 677.9782 -3831.8897 -2975.9629 281.7753 450.1041 0.0000 -199.4194 -535.7446 4588.2000 1032.6473 -1260.5474 -681.2769
1595.6008 -651.3026 -98.3057 495.8544 437.0312 963.8511 -942.5713 -101.1310 -28.0897 0.0000 -3442.2546 865.1421 0.0000 -188.2137 -365.9804 1750.1824 835.6238 -124.0206 -63.2292 101.9825 -555.3302 -1013.1883 2285.0513 -980.5965 -310.6125 677.8324 0.0000 -1100.7864 2159.0518 0.0000 -969.7989 0.0000
185.8723 92.5670 31.4369 0.0000 -619.2776 81.7579 -44.0354 559.6869 0.0000 -154.9937 -5.3909 0.0000 0.0000 33.2497 0.0000 0.0000 48.0659 -18.0039 -19.1207 0.0000 0.0000 0.0000 129.0029 -65.9704 -143.2394 0.0000 0.0000 0.0000 11.5811 0.0000 0.0000 0.0000
367.4087 -1130.3034 1205.0317 -677.0915 14.5177 29.7854 448.2866 323.3129 -465.5307 0.0000 -175.7294 76.5944 0.0000 0.0000 0.0000 8.6223 22.6504 38.7695 -62.9818 0.0000 0.0000 0.0000 200.3963 -90.2438 -41.4712 0.0000 0.0000 0.0000 8.6598 0.0000 0.0000 0.0000
202.9328 49.4921 -29.6054 0.0000 78.9593 -67.6774 12.3037 -31.1112 0.0000 0.0000 17.5215 0.0000 0.0000 0.0000 0.0000 0.0000 72.8361 18.9579 0.0000 0.0000 11.2536 -93.3655 100.4511 38.5038 25.6981 0.0000 0.0000 0.0000 206.6587 0.0000 -212.8880 0.0000
219.4194 -29.8969 23.0823 0.0000 127.7468 -8.5636 0.0000 -23.8257 0.0000 0.0000 109.7855 -6.9879 0.0000 0.0000 0.0000 -34.4512 -1528.0836 -77.6123 -94.2885 0.0000 -274.3988 2386.6911 1040.2610 116.0770 47.4737 -24.9212 0.0000 278.2828 -3430.9725 0.0000 1256.4681 0.0000
876.0606 568.8274 -63.3765 -37.4410 74.3526 -884.5733 140.6554 -81.3496 212.6797 37.8855 410.3407 -345.1141 0.0000 -206.2757 278.1636 0.0000 877.6213 61.8977 129.5707 0.0000 293.0086 -1268.9551 -1962.3235 134.2681 730.5104 0.0000 -341.3486 -183.9908 1689.0889 0.0000 -353.5472 0.0000
84.8328 9.4289 -11.3582 0.0000 40.3306 20.9658 0.0000 -14.9042 0.0000 0.0000 23.8811 0.0000 0.0000 0.0000 0.0000 0.0000 -38.7241 0.0000 0.0000 0.0000 0.0000 0.0000 71.3610 0.0000 0.0000 0.0000 0.0000 0.0000 79.2560 0.0000 -21.3076 0.0000
0.2121 0.0000 0.0000 0.0000 0.0000 0.0000 0.0000 0.0000 0.0000 0.0000 0.0000 0.0000 0.0000 0.0000 0.0000 0.0000 0.0000 0.0000 0.0000 0.0000 0.0000 0.0000 0.0000 0.0000 0.0000 0.0000 0.0000 0.0000 0.0000 0.0000 0.0000 0.0000
