# numpoly:1.0.6 names:q0,q1,q2,q3,q4 keys:;;;;;,;;;;<,;;;;=,;;;;>,;;;<;,;;;<<,;;;<=,;;;=;,;;;=<,;;<;;,;;<;<,;;<;=,;;<<;,;;<<<,;;=;;,;<;;;,;<;;<,;<;<;,;<;<<,;<<;;,;=;;;,<;;;;,<;;;<,<;;;=,<;;<;,<;;<<,<;<;;,<<;;;,=;;;;,=;;;< shape:9
# onwind solar H2 battery transmission offwind wind tsc gini
1305.6215 -144.2734 220.9300 -157.2635 684.5290 -863.4597 42.2648 -149.9573 123.4071 603.3174 -530.8637 -259.9888 -480.1208 859.9145 -298.7018 1655.7805 18.6866 171.1221 0.0000 850.0710 -3897.1908 -4090.4360 1534.2423 196.6478 -261.5083 0.0000 -442.6064 6260.8608 -1164.6452 -951.8922
984.0468 -195.3392 297.0360 96.4243 399.4556 -142.5010 -393.2165 -45.1613 0.0000 -2380.7060 1094.9227 66.1984 75.3363 -824.3550 1508.2224 312.4257 -329.4077 -266.9037 430.4898 -394.0645 -334.2712 1519.5154 -1235.7922 0.0000 -242.9696 970.0378 -1099.4949 1082.1568 -311.7475 0.0000
153.5747 128.6046 -38.4227 0.0000 -347.8064 62.0378 -43.4298 164.3638 0.0000 24.6160 0.0000 0.0000 -18.0259 0.0000 0.0000 39.7889 0.0000 0.0000 0.0000 0.0000 0.0000 5.4641 0.0000 0.0000 -18.9981 0.0000 0.0000 0.0000 0.0000 0.0000
198.7473 -914.9323 1344.0360 -685.5357 345.7273 -529.2674 321.7236 21.8589 -35.2562 -102.0060 11.6401 203.0511 217.7457 -262.5401 0.8831 12.6978 -27.0934 -27.2547 0.0000 0.0000 0.0000 267.8513 -265.2427 0.0000 -108.5915 129.5539 -134.5561 0.0000 39.2661 0.0000
336.2423 14.7010 -40.7329 0.0000 212.2658 -139.3966 50.0117 -13.9710 22.5338 -18.2268 -83.7728 0.0000 61.9728 0.0000 0.0000 21.8148 65.7369 -148.8536 0.0000 0.0000 -16.6829 196.3742 99.4299 0.0000 0.0000 0.0000 75.3068 189.4211 -287.7560 0.0000
-39.8335 14.6747 -93.0406 50.0218 -45.4053 69.5460 0.0000 -13.5442 0.0000 144.5698 7.9728 0.0000 6.0611 0.0000 0.0000 -1014.8840 -15.4779 -39.2485 0.0000 -315.1710 2314.0302 1118.5808 93.2793 0.0000 150.5335 -118.1548 234.5766 -3839.7182 1388.4637 0.0000
1094.2273 423.2849 -75.9183 -26.0993 443.6230 -567.5517 162.1187 -137.9096 56.8981 624.0037 -447.6551 -103.3749 -242.8355 511.3549 -276.0819 544.1568 0.0000 96.6985 0.0000 444.2108 -1418.5521 -2208.8132 285.6896 0.0000 -77.7173 -105.0278 -149.3180 2315.8551 -264.0291 0.0000
88.9743 8.0109 -11.2595 0.0000 32.1609 22.7460 0.0000 -12.0399 0.0000 26.4376 0.0000 0.0000 0.0000 0.0000 0.0000 -48.0598 0.0000 0.0000 0.0000 0.0000 0.0000 60.0067 0.0000 0.0000 0.0000 0.0000 0.0000 78.1630 -18.1587 0.0000
0.5079 -0.0254 0.0000 0.0000 0.0381 0.0000 0.0000 0.0000 0.0000 0.0625 0.0000 0.0000 0.0000 0.0000 0.0000 0.0453 0.0000 0.0000 0.0000 0.0000 0.0000 -0.0018 0.0000 0.0000 0.0000 0.0000 0.0000 0.0000 0.0000 0.0000
