# numpoly:1.0.6 names:q0,q1,q2,q3,q4 keys:;;;;;,;;;;<,;;;;=,;;;;>,;;;<;,;;;<<,;;;<=,;;;=;,;;<;;,;;<;<,;;<<;,;;=;;,;<;;;,;<;;<,;<;<;,;<;<<,;<<;;,;=;;;,<;;;;,<;;;<,<;;;=,<;;<;,<;;<<,<;<;;,<<;;;,=;;;; shape:9
# onwind solar H2 battery transmission offwind wind tsc gini
1658.9214 -232.8671 225.9858 -187.6378 -85.4382 -88.8704 354.4518 -4.0473 456.1523 -44.9257 -10.8892 -44.3686 1138.5741 177.3334 522.7197 -390.7431 83.9495 -1924.8430 -2425.2317 311.8514 -155.9704 -262.0902 0.0000 -135.9994 2680.5126 -396.8357
1007.2167 -370.7241 9.5313 155.7358 105.4493 310.3763 -278.9326 -12.7313 -1771.7165 304.5576 -116.8479 837.7474 239.4476 0.0000 -46.9167 0.0000 -175.2496 -512.5275 857.3938 -270.7346 0.0000 65.9124 28.9224 -547.4949 1255.8704 -487.4724
125.3225 206.0706 -184.7411 107.4149 -297.1983 223.6819 -176.4045 64.2741 26.6517 -60.3629 27.6189 0.0000 5.3535 25.5939 -29.7015 0.0000 0.0000 0.0000 16.4435 8.8598 0.0000 0.0000 0.0000 0.0000 0.0000 0.0000
30.5919 -220.5972 748.8977 -559.9358 896.0013 -1925.2196 1165.8748 -22.9627 -117.6581 167.2785 -40.4176 0.0000 -6.7260 -106.7594 69.7763 0.0000 0.0000 -20.2756 -92.5640 2.5139 0.0000 18.7924 0.0000 0.0000 109.6084 -6.3706
-47.1847 -140.4786 191.4914 -82.5622 49.1665 -14.6944 0.0000 74.8097 46.7460 13.5293 -13.9927 0.0000 91.9900 0.0000 16.6364 0.0000 -42.9810 127.5342 527.4345 -16.2603 0.0000 -58.0806 0.0000 0.0000 -466.4292 67.8969
58.2753 -0.4169 9.4719 0.0000 37.3369 0.0000 0.0000 1.8590 0.0000 0.0000 0.0000 0.0000 -361.4191 9.7996 -69.2471 0.0000 0.0000 536.1714 226.5238 -17.2223 0.0000 51.2027 0.0000 0.0000 -758.8152 289.2515
1658.0409 139.5634 104.5680 -164.9468 140.0093 -354.2871 296.3131 0.0000 456.0301 -48.7481 -5.8980 -68.7380 741.9448 -75.1131 188.9858 0.0000 90.3384 -1222.6334 -2231.0573 90.7585 0.0000 -194.8263 0.0000 -93.0422 1828.3406 -33.2578
90.7047 7.9865 -11.0907 0.0000 34.6271 22.8289 0.0000 -12.5038 23.1125 0.0000 0.0000 0.0000 -46.5804 0.0000 0.0000 0.0000 0.0000 0.0000 66.7895 0.0000 0.0000 0.0000 0.0000 0.0000 88.0549 -24.2791
0.1261 -0.0031 0.0000 0.0000 0.0000 0.0000 0.0000 0.0000 0.0000 0.0000 0.0000 0.0000 0.0000 0.0000 0.0000 0.0000 0.0000 0.0000 0.0000 0.0000 0.0000 0.0000 0.0000 0.0000 0.0000 0.0000
