# numpoly:1.0.6 names:q0,q1,q2,q3,q4 keys:;;;;;,;;;;<,;;;;=,;;;;>,;;;<;,;;;<<,;;;<=,;;;=;,;;;=<,;;;>;,;;<;;,;;<;<,;;<;=,;;<<;,;;=;;,;<;;;,;<;;<,;<;;=,;<;<;,;<<;;,;=;;;,<;;;;,<;;;<,<;;;=,<;;<;,<;;<<,<;<;;,<<;;;,<<;<;,=;;;;,=;;<; shape:9
# onwind solar H2 battery transmission offwind wind tsc gini
887.8017 152.8729 -79.4345 -54.7169 383.1489 273.7134 217.7662 312.6448 -256.6540 -162.3372 -384.3133 -147.5760 0.0000 -118.5240 206.6202 4919.9134 84.4290 0.0000 -1911.9890 929.8549 -4803.9020 -4212.0038 -170.6671 0.0000 392.1232 0.0000 -657.8693 4951.9123 2375.4196 -730.8595 -1429.7827
201.6484 -29.0846 -43.8558 -1.0090 141.3968 -337.1389 227.9647 121.1343 -67.3367 0.0000 -477.4381 155.0083 -77.7546 20.8036 184.4914 2.1832 89.7554 0.0000 -139.7306 0.0000 -73.5924 236.1489 -62.8172 7.4181 20.6684 0.0000 -229.8790 414.0983 0.0000 -118.6949 0.0000
17.8929 305.8494 -149.3824 93.0147 -81.9365 -249.4552 -103.3887 86.1965 175.8919 0.0000 43.2862 -12.0274 0.0000 17.8632 0.0000 33.3358 13.4150 0.0000 26.0226 0.0000 0.0000 59.5783 5.2895 0.0000 -153.4628 0.0000 0.0000 -15.5677 0.0000 1.2580 0.0000
165.2175 -1230.8795 2742.6647 -1767.4348 669.0581 -1472.7085 1157.8904 -48.6878 -150.3506 0.0000 -26.3770 -127.0206 57.6483 0.0000 0.0000 291.6858 -860.4358 481.0492 16.2815 0.0000 0.0000 -96.9364 336.3318 -214.8939 -17.2264 83.2865 12.7502 0.0000 0.0000 -3.9512 0.0000
488.9319 -75.6125 0.4422 34.2011 25.8558 161.0989 -106.0188 0.0000 0.0000 0.0000 3.1361 14.0836 0.0000 -19.0052 0.0000 107.1918 -2.7550 0.0000 -121.0382 0.0000 0.0000 -32.9518 9.3899 0.0000 115.8343 0.0000 14.7601 31.6172 0.0000 -28.9224 0.0000
37.1512 -39.2039 -138.1835 131.7206 -74.6870 298.4966 -211.7334 0.0000 0.0000 0.0000 448.2334 72.1815 0.0000 25.9204 -175.9285 -1852.7982 -30.4769 0.0000 -26.9841 -334.5660 2753.4184 1652.6461 29.2344 0.0000 31.0580 0.0000 229.5266 -4092.8714 0.0000 1401.3487 0.0000
1431.1292 156.7419 -158.1319 44.1515 -51.2006 347.6089 0.0000 -139.2403 -89.8794 0.0000 105.6355 -78.4125 0.0000 -65.9226 0.0000 1582.8934 24.7873 0.0000 15.4769 517.6613 -1920.8870 -2442.9129 -116.8730 0.0000 105.2242 0.0000 -370.9020 2463.2750 0.0000 -268.3236 0.0000
90.2757 9.2258 -11.5678 0.0000 33.3086 22.0435 0.0000 -11.9996 0.0000 0.0000 27.1100 0.0000 0.0000 0.0000 0.0000 -53.9168 0.0000 0.0000 0.0000 0.0000 0.0000 69.0379 0.0000 0.0000 0.0000 0.0000 0.0000 86.0283 0.0000 -25.9866 0.0000
0.5932 0.0156 0.0000 0.0000 0.0048 0.0000 0.0000 0.0000 0.0000 0.0000 0.0170 0.0000 0.0000 0.0000 0.0000 -0.0871 0.0000 0.0000 0.0000 0.0000 0.0000 0.1168 0.0000 0.0000 0.0000 0.0000 0.0000 0.0000 0.0000 0.0000 0.0000
