# numpoly:1.0.6 names:q0,q1,q2,q3,q4 keys:;;;;;,;;;;<,;;;;=,;;;;>,;;;<;,;;;<<,;;;<=,;;;=;,;;;=<,;;;>;,;;<;;,;;<;<,;;<;=,;;<<;,;;<<<,;;=;;,;<;;;,;<;;<,;<;;=,;<;<;,;<;<<,;<;=;,;<<;;,;=;;;,<;;;;,<;;;<,<;;;=,<;;<;,<;;<<,<;;=;,<;<;;,<;<;<,<<;;;,<<;<;,=;;;;,=;;;< shape:9
# onwind solar H2 battery transmission offwind wind tsc gini
1148.3558 -102.5032 953.1803 -156.3232 285.7245 -395.6867 -475.1846 580.2272 265.8056 -342.0955 -123.4332 740.6632 -540.0443 15.4216 0.0000 -59.0153 2775.4743 -140.1612 442.1918 -750.4383 -628.5253 684.7461 426.2800 -3741.5055 -3448.0510 -1468.3780 -323.2448 23.2633 1454.5667 -905.2038 -152.6079 -221.1572 5887.4542 234.8000 -1719.8679 664.5232
893.1000 -6.0042 -256.2744 0.0000 -316.7042 672.8130 345.6718 -304.8502 -731.8770 345.5264 -1100.5023 -80.1581 0.0000 46.3168 73.9919 581.0908 34.1468 67.3876 0.0000 0.0000 0.0000 0.0000 -45.4929 -427.1148 263.1405 73.7749 0.0000 207.1710 -183.5141 0.0000 -461.8630 0.0000 1062.5898 0.0000 -344.5946 0.0000
218.9078 -50.6989 -100.7645 68.8841 -194.1667 419.2450 -157.1817 -78.2761 0.0000 0.0000 29.2353 -32.9559 0.0000 -8.8251 0.0000 0.0000 10.6864 0.0000 0.0000 25.6595 0.0000 0.0000 0.0000 0.0000 15.7579 0.0000 0.0000 0.0000 0.0000 0.0000 0.0000 0.0000 0.0000 0.0000 0.0000 0.0000
-15.9293 11.8124 220.4902 -167.7855 143.6490 -582.4197 279.4008 120.0374 0.0000 0.0000 -35.5750 48.3187 0.0000 -6.7580 0.0000 0.0000 0.8873 0.0000 0.0000 0.0000 0.0000 0.0000 0.0000 0.0000 -4.0216 0.0000 0.0000 -1.1000 0.0000 0.0000 0.0000 0.0000 -4.4339 0.0000 0.0000 0.0000
281.9544 -2.7347 1.7215 0.0000 2.9035 -4.9227 16.2132 105.9612 -66.9411 0.0000 43.2679 0.0000 0.0000 0.0000 0.0000 0.0000 67.7655 0.0000 0.0000 -131.7097 0.0000 0.0000 0.0000 -34.3475 -42.4831 26.2159 0.0000 50.6632 0.0000 0.0000 0.0000 0.0000 271.7058 0.0000 -163.5281 0.0000
-56.2620 181.4115 -288.5259 16.8338 -226.9533 -46.9484 253.6581 155.0936 -64.6686 0.0000 87.6117 -107.5499 124.7732 13.5209 0.0000 0.0000 -1248.8611 -73.9809 0.0000 -106.2887 108.1420 0.0000 -140.3298 2164.3022 1706.1197 276.5661 0.0000 271.2330 -437.4725 0.0000 87.9882 0.0000 -3670.3897 0.0000 1111.4614 0.0000
1222.0164 266.0906 198.3466 -59.0287 508.1227 -432.4305 -120.6109 -5.6672 31.4723 0.0000 217.8556 3.0189 -36.4701 21.8499 0.0000 -73.7608 969.3164 -171.0351 111.3794 0.0000 0.0000 0.0000 248.8869 -1395.2807 -2183.7564 -384.8927 -66.1658 -489.0504 611.0915 -37.7386 -156.5623 0.0000 2285.2793 0.0000 -134.7059 46.3013
84.9169 6.1914 -8.4831 0.0000 35.4506 19.6934 0.0000 -12.4177 0.0000 0.0000 21.9543 0.0000 0.0000 0.0000 0.0000 0.0000 -35.9116 0.0000 0.0000 0.0000 0.0000 0.0000 0.0000 0.0000 59.8791 0.0000 0.0000 0.0000 0.0000 0.0000 0.0000 0.0000 73.8420 0.0000 -14.6449 0.0000
0.1874 0.0000 0.0000 0.0000 0.0000 0.0000 0.0000 0.0000 0.0000 0.0000 0.0000 0.0000 0.0000 0.0000 0.0000 0.0000 0.0000 0.0000 0.0000 0.0000 0.0000 0.0000 0.0000 0.0000 0.0000 0.0000 0.0000 0.0000 0.0000 0.0000 0.0000 0.0000 0.0000 0.0000 0.0000 0.0000
