# numpoly:1.0.6 names:q0,q1,q2,q3,q4 keys:;;;;;,;;;;<,;;;;=,;;;;>,;;;<;,;;;<<,;;;<=,;;;=;,;;;=<,;;;>;,;;<;;,;;<;<,;;<;=,;;<<;,;;<<<,;;<=;,;;=;;,;;=;<,;<;;;,;<;;<,;<;;=,;<;<;,;<<;;,;=;;;,<;;;;,<;;;<,<;;<;,<;;<<,<;<;;,<<;;;,<<;;<,<<;<;,<=;;;,=;;;;,=;;;<,=;;<;,=<;;; shape:9
# onwind solar H2 battery transmission offwind wind tsc gini
5287.1039 -1401.1053 361.7295 -20.5075 -539.5781 446.0744 -239.8005 859.0000 65.2870 -429.3287 -308.0330 1196.8792 -152.3714 -73.3752 -133.3653 0.0000 325.5773 -542.1131 221.0455 977.5525 0.0000 -839.0962 333.8115 -5297.8503 -13916.8479 269.1211 705.4704 -216.9780 -376.4806 13635.9098 -1284.9466 1187.2222 2597.6783 6478.2600 640.4337 -966.5312 -8058.4575
1121.0080 -213.5697 29.9061 0.0000 -538.3430 280.8999 0.0000 277.0753 -158.8826 0.0000 -1710.0769 -126.2726 0.0000 827.4436 0.0000 -212.7076 725.1060 0.0000 -187.0871 179.4251 -68.4449 -311.4916 -142.4294 -46.5386 840.2517 7.8469 -186.3458 0.0000 -597.0199 1106.3088 0.0000 0.0000 0.0000 -397.3668 0.0000 0.0000 0.0000
353.4094 192.9637 -295.0194 115.5872 -557.0218 198.8408 -52.8388 249.7175 0.0000 0.0000 -37.7674 -47.3678 0.0000 25.1210 0.0000 0.0000 0.0000 0.0000 -42.1492 0.0000 0.0000 0.0000 0.0000 0.0000 229.6186 7.4810 -193.2462 0.0000 78.6378 57.5823 0.0000 0.0000 0.0000 -80.7001 0.0000 0.0000 0.0000
11.0840 -76.9174 -26.6389 -4.4219 -61.7791 -119.5628 76.0962 24.6001 -6.3743 0.0000 -82.7385 5.9984 0.0000 -0.1526 0.0000 0.0000 0.0000 0.0000 262.8204 0.0000 0.0000 0.0000 0.0000 0.0000 28.6608 0.0000 0.0000 0.0000 0.0000 0.0000 0.0000 0.0000 0.0000 0.0000 0.0000 0.0000 0.0000
498.2342 -44.3059 25.6190 0.0000 178.9165 -36.2129 0.0000 2.4444 0.0000 0.0000 72.0974 18.3389 0.0000 -62.3028 0.0000 0.0000 0.0000 0.0000 -99.7723 25.0850 0.0000 0.0000 0.0000 -165.9894 -201.5625 0.0000 -28.2539 0.0000 0.0000 512.7498 0.0000 0.0000 0.0000 -143.9063 0.0000 0.0000 0.0000
-190.0044 178.5983 -111.0701 0.0000 70.7473 -311.4520 200.5370 29.8339 0.0000 0.0000 5.6778 31.3771 0.0000 -19.3486 0.0000 0.0000 0.0000 0.0000 -1011.9635 49.0969 0.0000 -48.6904 -24.0597 1764.5172 1471.6301 -52.9622 103.1752 8.2843 104.0651 -3045.9547 0.0000 0.0000 0.0000 861.0611 0.0000 0.0000 0.0000
1153.0702 -51.7798 83.0201 -9.8770 -31.9142 -41.6855 0.0000 245.6229 1.8291 -115.1187 510.6817 29.1072 0.0000 -174.2079 0.0000 0.0000 -53.5989 0.0000 940.1998 -24.0115 0.0000 72.9451 214.5003 -1245.1648 -2074.3766 87.2208 103.2740 -91.3686 -269.0186 1582.6739 0.0000 0.0000 0.0000 34.1929 0.0000 0.0000 0.0000
94.5916 9.0167 -11.7916 0.0000 34.0591 22.3353 0.0000 -11.6578 0.0000 0.0000 27.7476 0.0000 0.0000 0.0000 0.0000 0.0000 0.0000 0.0000 -57.0454 0.0000 0.0000 0.0000 0.0000 0.0000 66.3695 0.0000 0.0000 0.0000 0.0000 89.1930 0.0000 0.0000 0.0000 -24.5589 0.0000 0.0000 0.0000
0.5084 0.0179 0.0000 0.0000 -0.0202 0.0000 0.0000 0.0000 0.0000 0.0000 0.0398 0.0000 0.0000 0.0000 0.0000 0.0000 0.0000 0.0000 0.0616 0.0000 0.0000 0.0000 0.0000 0.0000 0.0270 0.0000 0.0000 0.0000 0.0000 0.0000 0.0000 0.0000 0.0000 0.0000 0.0000 0.0000 0.0000
