# numpoly:1.0.6 names:q0,q1,q2,q3,q4 keys:;;;;;,;;;;<,;;;;=,;;;;>,;;;<;,;;;<<,;;;<=,;;;=;,;;;=<,;;;>;,;;<;;,;;<;<,;;<;=,;;<<;,;;=;;,;;=;<,;<;;;,;<;;<,;<;;=,;<;<;,;<<;;,;=;;;,<;;;;,<;;;<,<;;;=,<;;<;,<;;<<,<;;=;,<;<;;,<<;;;,=;;;;,=;<;; shape:9
# onwind solar H2 battery transmission offwind wind tsc gini
898.4222 495.9837 -224.1147 -154.6396 2500.0261 -584.6307 403.5292 -2611.0150 0.0000 803.1121 -192.7722 142.6835 0.0000 -108.5995 -190.1928 -126.9933 2247.2871 702.1937 -362.8787 344.6437 398.4921 -3872.0483 -4439.8128 -1027.9074 639.2300 -1342.5711 70.0901 856.9243 1644.0809 6005.3713 -984.1473 -1057.1378
-566.1746 148.3606 -42.3030 119.2242 -1116.4073 321.2659 -223.6247 845.0072 0.0000 0.0000 -421.2088 -819.7726 -61.0923 558.0690 889.6846 629.3571 745.5464 -49.2026 3.5592 -372.6086 0.0000 -424.6773 4039.1629 105.8120 -62.6757 981.4101 0.0000 -924.0746 -4416.5443 453.0468 -1501.8977 1627.3661
106.2241 226.4289 -133.7274 7.0406 -502.1890 -46.8784 42.9020 471.0534 0.0000 -105.9482 -18.0401 -12.3553 0.0000 48.0559 0.0000 0.0000 66.9553 10.9468 0.0000 -83.3606 0.0000 0.0000 66.6396 3.6835 0.0000 -125.0154 0.0000 0.0000 0.0000 20.8848 0.0000 0.0000
1093.3382 -6226.5165 10306.6336 -5093.2211 1522.9168 -2722.5373 1428.3905 -8.5091 0.0000 0.0000 68.3269 0.0000 0.0000 -28.6888 0.0000 0.0000 160.4141 -372.6253 126.5384 0.0000 0.0000 -85.5656 838.9238 -1608.5389 632.4884 -121.1376 207.6204 0.0000 -112.9027 296.2176 0.0000 0.0000
174.2195 150.8229 -386.4965 250.9259 150.7329 112.9096 -108.3059 -88.0731 26.0464 0.0000 0.5669 0.0000 0.0000 -83.8230 0.0000 0.0000 85.9817 -10.9060 0.0000 -94.9625 13.4433 -76.6629 47.7060 222.1468 -121.9901 195.7852 0.0000 0.0000 123.3418 213.1287 -354.9094 0.0000
273.0166 128.6187 -172.1292 100.6382 -43.7879 190.8865 -143.7630 -24.1206 0.0000 0.0000 -68.3153 0.0000 0.0000 -79.3983 0.0000 0.0000 -1455.9989 -190.6152 58.6548 0.0000 -91.0336 2319.8543 1104.6391 86.8243 0.0000 142.2311 0.0000 0.0000 274.6101 -3759.9795 1457.5118 0.0000
663.0529 671.3113 -445.2550 0.0000 1703.5869 -186.1867 141.6962 -1869.5711 0.0000 567.5665 818.8526 -72.4342 0.0000 -208.6591 -302.3316 0.0000 800.6356 115.1272 0.0000 329.5386 203.7295 -1384.9733 -2117.2607 -534.2155 361.2483 -706.5172 0.0000 526.9889 82.8747 2142.9526 -333.2868 0.0000
91.5506 7.9076 -10.0855 0.0000 36.6973 21.0762 0.0000 -12.7250 0.0000 0.0000 23.5852 0.0000 0.0000 0.0000 0.0000 0.0000 -50.7514 0.0000 0.0000 0.0000 0.0000 0.0000 72.6669 0.0000 0.0000 0.0000 0.0000 0.0000 0.0000 93.6732 -29.5963 0.0000
0.2883 0.0000 0.0000 0.0000 0.0000 0.0000 0.0000 0.0000 0.0000 0.0000 0.0000 0.0000 0.0000 0.0000 0.0000 0.0000 0.0000 0.0000 0.0000 0.0000 0.0000 0.0000 0.0000 0.0000 0.0000 0.0000 0.0000 0.0000 0.0000 0.0000 0.0000 0.0000
