# numpoly:1.0.6 names:q0,q1,q2,q3,q4 keys:;;;;;,;;;;<,;;;;=,;;;;>,;;;<;,;;;<<,;;;<=,;;;=;,;;;=<,;;;>;,;;<;;,;;<;<,;;<;=,;;<<;,;;<<<,;;=;;,;<;;;,;<;;<,;<;<;,;<;<<,;<<;;,;=;;;,<;;;;,<;;;<,<;;;=,<;;<;,<;;<<,<;<;;,<<;;;,<<;;<,=;;;;,=;;;< shape:9
# onwind solar H2 battery transmission offwind wind tsc gini
555.7497 1256.1802 -1.6943 -197.7421 365.0279 -965.7212 437.6649 -94.0017 0.0000 0.0000 604.1614 -643.6134 -43.2447 -309.0104 718.9658 -240.2769 2275.1578 -1103.0128 178.4452 0.0000 915.8947 -3855.5995 -2876.9908 -56.6412 0.0000 88.8697 -230.5562 -717.3195 5322.7039 1388.4281 -1432.8186 -506.9393
1377.3495 -543.6494 -74.7093 318.7395 205.7911 546.4330 -645.4618 -77.9332 0.0000 0.0000 -2418.6545 1073.5906 199.0959 215.5218 -1057.3718 1214.4655 112.8944 20.0057 -190.3610 302.2880 -318.2115 -508.6219 1318.2068 -947.3619 0.0000 -315.3881 977.0421 -763.9226 1504.0682 -282.6233 -508.3677 0.0000
137.1492 146.1808 -30.5389 0.0000 -388.0381 45.6573 -24.8250 234.8523 0.0000 -28.7459 35.0622 17.6835 0.0000 -35.9289 0.0000 0.0000 58.7393 -23.5824 -6.5775 0.0000 0.0000 0.0000 23.1725 -28.5876 0.0000 -20.5487 0.0000 0.0000 0.9703 0.0000 0.0000 0.0000
266.4939 -903.7214 1116.3755 -492.3807 278.2830 -194.8963 79.1803 82.4513 -132.9860 0.0000 -103.6125 -169.9355 304.7057 177.1172 -198.6059 19.0459 -8.7279 0.0000 -16.2793 0.0000 0.0000 0.0000 211.1814 -179.4209 -116.5964 -246.3182 282.0151 -88.5737 0.0000 0.0000 74.1727 0.0000
342.2243 21.5569 -42.5754 0.0000 147.4438 -163.3199 36.6704 -22.4223 44.1040 0.0000 27.8888 -81.7276 0.0000 88.8374 0.0000 0.0000 -35.1515 71.8891 -90.1838 0.0000 0.0000 -19.2773 239.7974 112.4006 0.0000 0.0000 0.0000 0.0000 214.9413 0.0000 -299.7859 0.0000
-134.7748 33.0641 -25.6038 17.6240 43.9399 -9.4213 0.0000 0.0000 0.0000 0.0000 138.9784 -7.9588 0.0000 0.0000 0.0000 0.0000 -882.9652 -30.3132 -47.1245 0.0000 -366.1366 2274.6194 1167.5228 27.8853 0.0000 20.6029 0.0000 307.0005 -3843.0623 0.0000 1370.5593 0.0000
1020.0461 538.3874 -85.8098 -148.3099 209.9174 -623.1218 424.3563 -99.9586 0.0000 0.0000 590.2642 -486.1016 -30.8010 -162.2452 451.2015 -191.0236 626.6310 -94.9188 104.4989 0.0000 445.3487 -1414.8541 -2043.9395 316.1750 0.0000 227.2890 -366.5951 -332.1300 2177.4533 127.2399 -309.3486 0.0000
90.9892 7.8913 -10.6338 0.0000 33.4035 22.1265 0.0000 -12.4935 0.0000 0.0000 26.5156 0.0000 0.0000 0.0000 0.0000 0.0000 -53.5609 0.0000 0.0000 0.0000 0.0000 0.0000 62.6274 0.0000 0.0000 0.0000 0.0000 0.0000 85.2822 0.0000 -22.8760 0.0000
0.4936 -0.0218 0.0000 0.0000 0.0345 0.0000 0.0000 0.0000 0.0000 0.0000 0.0872 0.0000 0.0000 0.0000 0.0000 0.0000 0.0717 0.0000 0.0000 0.0000 0.0000 0.0000 -0.0480 0.0000 0.0000 0.0000 0.0000 0.0000 0.0000 0.0000 0.0000 0.0000
