# numpoly:1.0.6 names:q0,q1,q2,q3,q4 keys:;;;;;,;;;;<,;;;;=,;;;;>,;;;<;,;;;<<,;;;<=,;;;=;,;;;=<,;;;>;,;;<;;,;;<;<,;;<;=,;;<<;,;;<<<,;;=;;,;;=;<,;<;;;,;<;;<,;<;;=,;<;<;,;<;<<,;<<;;,;=;;;,<;;;;,<;;;<,<;;;=,<;;<;,<;;<<,<;<;;,<;<;<,<<;;;,<<;;<,<<;<;,=;;;;,=;;<;,=<;;; shape:9
# onwind solar H2 battery transmission offwind wind tsc gini
5247.9701 -407.6742 -70.6242 0.5385 3157.4030 -1127.0387 234.1057 -26.6844 22.3278 0.0000 46.1857 277.2674 0.0000 168.8787 -272.3850 0.0000 0.0000 -922.6876 930.9696 0.0000 -3698.0023 -63.3698 0.0000 -2225.7577 -17555.5886 767.1912 -151.1019 -2304.1958 1169.6988 74.2531 -252.2453 15832.9039 -1067.5730 5024.6596 10074.9248 -2046.7177 -9979.7740
449.5047 43.3084 216.5914 58.9400 -764.2580 570.8052 0.0000 603.3577 -608.7640 0.0000 -746.6180 -124.4396 -349.8425 -221.9252 357.9439 766.8250 -22.8803 590.6341 -145.4247 0.0000 92.8476 0.0000 -550.8694 83.2093 1206.1716 -654.1355 0.0000 -149.0986 0.0000 -859.1074 659.3291 -134.4049 0.0000 0.0000 94.7062 0.0000 0.0000
355.7292 63.1482 -250.9203 187.7866 -463.9115 469.2912 -232.8750 124.2733 -6.7150 0.0000 -93.3344 0.0000 0.0000 95.5121 0.0000 0.0000 0.0000 -148.1337 4.0905 0.0000 0.0000 0.0000 0.0000 0.0000 119.5223 -79.1589 0.0000 -139.6670 0.0000 0.0000 0.0000 152.6248 0.0000 0.0000 -7.3903 0.0000 0.0000
-57.0662 -1059.7926 3047.4800 -2124.1610 476.0662 -1760.2628 1592.6007 494.4871 -503.7182 0.0000 133.2583 -415.1392 322.7105 -25.3312 0.0000 0.0000 0.0000 125.8692 -524.0845 266.6891 14.8421 0.0000 0.0000 163.2703 313.7629 7.9991 -111.5400 -358.8696 182.3800 0.0000 0.0000 -203.9262 0.0000 0.0000 48.5812 0.0000 0.0000
128.1094 7.4802 17.3152 0.0000 59.5610 -78.1283 0.0000 15.0230 0.0000 0.0000 54.5806 16.4476 0.0000 -30.9620 0.0000 0.0000 0.0000 47.9873 2.2339 0.0000 -41.5228 0.0000 0.0000 0.0000 -97.0295 0.0000 0.0000 90.0506 0.0000 -22.4653 0.0000 73.6637 0.0000 0.0000 -22.6550 0.0000 0.0000
710.5928 -203.1077 -11.0472 0.0000 -543.0859 385.0513 -34.3686 -124.3408 0.0000 0.0000 -31.5424 6.4844 0.0000 -9.8279 0.0000 -29.1494 0.0000 -1885.8433 32.7052 0.0000 234.3551 0.0000 38.4279 1477.5845 808.7238 254.1861 0.0000 1032.4413 -420.8699 107.4227 0.0000 -1766.5760 0.0000 -481.6249 617.4674 0.0000 0.0000
649.9011 378.1692 -261.1278 102.3093 1592.5383 -787.2209 88.7065 -351.1375 186.3313 48.0265 234.1768 -17.9121 0.0000 0.0000 0.0000 -20.7942 0.0000 1993.7629 3.8212 0.0000 -493.9704 0.0000 0.0000 -617.5470 -2415.4249 247.1172 -62.2947 -1329.1430 322.1733 95.6980 -154.3515 92.0052 0.0000 909.5439 1053.2954 0.0000 -444.2361
92.2717 9.9543 -11.5928 0.0000 33.6208 20.9383 0.0000 -10.8112 0.0000 0.0000 22.8730 0.0000 0.0000 0.0000 0.0000 0.0000 0.0000 -45.7659 0.0000 0.0000 0.0000 0.0000 0.0000 0.0000 61.3536 0.0000 0.0000 0.0000 0.0000 0.0000 0.0000 87.9544 0.0000 0.0000 -21.1549 0.0000 0.0000
0.0787 0.0000 0.0000 0.0000 0.0000 0.0000 0.0000 0.0000 0.0000 0.0000 0.0000 0.0000 0.0000 0.0000 0.0000 0.0000 0.0000 0.0000 0.0000 0.0000 0.0000 0.0000 0.0000 0.0000 0.0000 0.0000 0.0000 0.0000 0.0000 0.0000 0.0000 0.0000 0.0000 0.0000 0.0000 0.0000 0.0000
