# numpoly:1.0.6 names:q0,q1,q2,q3,q4 keys:;;;;;,;;;;<,;;;;=,;;;;>,;;;<;,;;;<<,;;;<=,;;;=;,;;;=<,;;;>;,;;<;;,;;<;<,;;<;=,;;<<;,;;<<<,;;<=;,;;=;;,;;=;<,;<;;;,;<;;<,;<;<;,;<;<<,;<<;;,;=;;;,<;;;;,<;;;<,<;;;=,<;;<;,<;;<<,<;<;;,<;<;<,<;<<;,<<;;;,<<;;<,=;;;;,=;;;<,=;;<;,=<;;; shape:9
# onwind solar H2 battery transmission offwind wind tsc gini
3249.7435 36.4069 70.5713 0.0000 -1101.2628 -701.5011 56.7110 830.4224 71.7386 -492.5575 382.3116 -158.5637 0.0000 52.0421 -83.9389 0.0000 -217.1058 0.0000 341.5547 514.3585 302.8168 -115.0354 327.9598 -3347.3150 -7985.6199 166.1546 -287.6699 1759.1054 776.3477 -49.1497 0.0000 0.0000 8871.5281 -502.5618 1229.0948 263.9512 -1442.0720 -1956.8376
613.8665 -80.1673 848.3249 -287.9595 -1152.5609 798.9232 0.0000 764.8380 -430.4278 0.0000 -1111.4757 227.2666 -908.3332 657.3988 439.6860 -438.2540 1050.2792 -290.4206 85.4476 19.8268 -479.5436 0.0000 -240.6200 -144.6126 1922.0589 -2491.5856 778.5165 540.7351 -555.0013 -2150.2797 1703.8333 -128.4971 1040.2521 0.0000 -167.2540 0.0000 0.0000 0.0000
345.8986 -25.0567 -47.0522 25.7773 -591.1608 334.0213 -74.5218 278.7872 -73.8956 0.0000 -19.0733 -6.7417 0.0000 52.7036 0.0000 0.0000 0.0000 0.0000 25.0170 -12.7993 0.0000 0.0000 0.0000 0.0000 190.3603 -10.8729 0.0000 -210.0895 0.0000 0.0000 0.0000 0.0000 30.3682 0.0000 -18.2018 0.0000 0.0000 0.0000
40.0311 -628.8194 824.9578 -365.2705 -27.5672 22.6212 0.0000 90.2614 -30.1246 0.0000 -118.8069 404.0955 -151.5821 0.0000 0.0000 0.0000 0.0000 0.0000 95.0534 -75.2115 -55.1585 0.0000 0.0000 0.0000 448.0794 -653.9078 321.6468 -23.9049 0.0000 -166.9317 0.0000 0.0000 26.9698 0.0000 22.0793 0.0000 0.0000 0.0000
512.4280 46.2604 -29.4207 0.0000 170.9328 -47.6321 0.0000 -32.6929 0.0000 0.0000 48.7424 -3.7472 0.0000 -9.9375 0.0000 0.0000 0.0000 0.0000 -19.6979 0.0840 0.0000 0.0000 0.0000 -246.1513 -341.0424 50.1882 0.0000 -13.3928 0.0000 8.1800 0.0000 0.0000 633.0484 0.0000 -151.1402 0.0000 0.0000 0.0000
-165.5477 197.2830 -101.5530 22.1790 -71.6254 -55.2278 0.0000 40.5181 0.0000 0.0000 25.4942 -88.4183 71.3051 -25.6593 0.0000 0.0000 0.0000 0.0000 -962.9355 6.0128 -2.2986 0.0000 0.0000 1849.9036 1417.5985 -33.8211 0.0000 125.5486 0.0000 126.0229 0.0000 0.0000 -3349.8463 0.0000 1038.1056 0.0000 0.0000 0.0000
1146.3872 219.9392 66.1449 2.7288 214.3912 -746.1840 107.2028 133.3880 124.2914 -158.0274 524.0809 -196.0523 0.0000 -7.9173 -25.3618 0.0000 -215.6051 0.0000 846.7639 40.1370 197.4397 0.0000 236.0427 -1289.3726 -2305.0962 449.7723 -336.9706 -118.5807 409.8909 17.2566 0.0000 0.0000 1851.7658 0.0000 -161.9606 0.0000 -89.8238 0.0000
79.3614 8.1089 -9.4175 0.0000 33.8563 19.6943 0.0000 -11.2673 0.0000 0.0000 27.8293 0.0000 0.0000 0.0000 0.0000 0.0000 0.0000 0.0000 -38.1893 0.0000 0.0000 0.0000 0.0000 0.0000 77.0887 0.0000 0.0000 0.0000 0.0000 0.0000 0.0000 0.0000 67.8324 0.0000 -21.5318 0.0000 0.0000 0.0000
0.5382 -0.0117 0.0000 0.0000 0.0276 0.0000 0.0000 0.0000 0.0000 0.0000 0.0379 0.0000 0.0000 0.0000 0.0000 0.0000 0.0000 0.0000 -0.0209 0.0000 0.0000 0.0000 0.0000 0.0000 0.0615 0.0000 0.0000 0.0000 0.0000 0.0000 0.0000 0.0000 0.0000 0.0000 0.0000 0.0000 0.0000 0.0000
