# numpoly:1.0.6 names:q0,q1,q2,q3,q4 keys:;;;;;,;;;;<,;;;;=,;;;;>,;;;<;,;;;<<,;;;<=,;;;=;,;;;=<,;;;>;,;;<;;,;;<;<,;;<;=,;;<<;,;;=;;,;;=;<,;<;;;,;<;;<,;<;;=,;<;<;,;<<;;,;=;;;,<;;;;,<;;;<,<;;;=,<;;<;,<;;<<,<;;=;,<;<;;,<<;;;,=;;;;,=;<;; shape:9
# onwind solar H2 battery transmission offwind wind tsc gini
881.7355 434.4261 -224.1147 -154.6396 2579.9001 -584.6307 403.5292 -2611.0150 0.0000 803.1121 -298.5610 142.6835 0.0000 -108.5995 -190.1928 -126.9933 1724.4001 702.1937 -362.8787 344.6437 398.4921 -3872.0483 -3804.4879 -1027.9074 639.2300 -1342.5711 70.0901 856.9243 1644.0809 6005.3713 -984.1473 -1057.1378
-679.0334 203.4864 -42.3030 119.2242 -1145.9129 321.2659 -223.6247 845.0072 0.0000 0.0000 -59.0698 -819.7726 -61.0923 558.0690 889.6846 629.3571 845.6824 -49.2026 3.5592 -372.6086 0.0000 -424.6773 3716.9419 105.8120 -62.6757 981.4101 0.0000 -924.0746 -4416.5443 453.0468 -1501.8977 1627.3661
94.4475 238.2711 -133.7274 7.0406 -460.2957 -46.8784 42.9020 471.0534 0.0000 -105.9482 -30.2617 -12.3553 0.0000 48.0559 0.0000 0.0000 46.0399 10.9468 0.0000 -83.3606 0.0000 0.0000 64.8486 3.6835 0.0000 -125.0154 0.0000 0.0000 0.0000 20.8848 0.0000 0.0000
1376.1164 -6347.1534 10306.6336 -5093.2211 1446.2664 -2722.5373 1428.3905 -8.5091 0.0000 0.0000 67.1299 0.0000 0.0000 -28.6888 0.0000 0.0000 117.4718 -372.6253 126.5384 0.0000 0.0000 -85.5656 738.9371 -1608.5389 632.4884 -121.1376 207.6204 0.0000 -112.9027 296.2176 0.0000 0.0000
329.1237 202.4622 -386.4965 250.9259 113.2138 112.9096 -108.3059 -88.0731 26.0464 0.0000 -31.2264 0.0000 0.0000 -83.8230 0.0000 0.0000 79.7942 -10.9060 0.0000 -94.9625 13.4433 -76.6629 78.2449 222.1468 -121.9901 195.7852 0.0000 0.0000 123.3418 213.1287 -354.9094 0.0000
257.7158 128.0029 -172.1292 100.6382 -85.7109 190.8865 -143.7630 -24.1206 0.0000 0.0000 -74.6683 0.0000 0.0000 -79.3983 0.0000 0.0000 -1202.1320 -190.6152 58.6548 0.0000 -91.0336 2319.8543 856.1754 86.8243 0.0000 142.2311 0.0000 0.0000 274.6101 -3759.9795 1457.5118 0.0000
628.8579 608.9300 -445.2550 0.0000 1739.5758 -186.1867 141.6962 -1869.5711 0.0000 567.5665 710.0239 -72.4342 0.0000 -208.6591 -302.3316 0.0000 533.4472 115.1272 0.0000 329.5386 203.7295 -1384.9733 -1731.2731 -534.2155 361.2483 -706.5172 0.0000 526.9889 82.8747 2142.9526 -333.2868 0.0000
94.3781 8.6420 -10.0855 0.0000 36.0360 21.0762 0.0000 -12.7250 0.0000 0.0000 28.0885 0.0000 0.0000 0.0000 0.0000 0.0000 -58.9835 0.0000 0.0000 0.0000 0.0000 0.0000 72.1685 0.0000 0.0000 0.0000 0.0000 0.0000 0.0000 93.6732 -29.5963 0.0000
0.5865 -0.0312 0.0000 0.0000 0.0188 0.0000 0.0000 0.0000 0.0000 0.0000 0.0376 0.0000 0.0000 0.0000 0.0000 0.0000 0.0255 0.0000 0.0000 0.0000 0.0000 0.0000 0.0036 0.0000 0.0000 0.0000 0.0000 0.0000 0.0000 0.0000 0.0000 0.0000
