# numpoly:1.0.6 names:q0,q1,q2,q3,q4 keys:;;;;;,;;;;<,;;;;=,;;;;>,;;;<;,;;;<<,;;;<=,;;;=;,;;;=<,;;;>;,;;<;;,;;<;<,;;<;=,;;<<;,;;<<<,;;=;;,;;=;<,;;=<;,;<;;;,;<;;<,;<;;=,;<;<;,;<;<<,;<;=;,;<<;;,;<<;<,;<<<;,;=;;;,;=;;<,<;;;;,<;;;<,<;;;=,<;;<;,<;;<<,<;;=;,<;<;;,<<;;;,<<;;<,<<;<;,<=;;;,=;;;;,=;;;<,=;;<;,=<;;; shape:9
# onwind solar H2 battery transmission offwind wind tsc gini
1465.4408 -1980.6293 867.4727 -42.9486 -1157.6149 911.9057 484.0095 1109.7055 -17.5185 -526.7418 -697.3979 2296.7530 -1579.7726 158.2965 -1018.1825 83.5818 0.0000 281.7014 17566.6827 607.5852 -54.4207 5.4597 -632.6641 0.0000 483.3310 0.0000 0.0000 -17636.6345 0.0000 -20081.9955 -127.5282 208.2329 425.5470 0.0000 0.0000 -566.5680 -1200.8318 0.0000 -231.1379 21912.0164 22410.6799 0.0000 0.0000 -23533.1574
6992.0266 -2674.9133 1159.0528 0.0000 -6379.3201 4088.4548 -542.7464 3941.6246 -953.9006 -1257.9371 -5681.6297 3334.9499 0.0000 5260.5720 -3679.8222 2282.9260 362.6399 -2175.7138 11900.0596 95.7883 -613.8306 -1641.3163 75.2229 -742.4738 82.9695 -1534.3404 686.4391 -15144.1148 1484.4692 -22752.0704 -3119.4274 -89.4334 2875.9327 1400.5646 0.0000 -145.9231 5070.0561 -676.4651 1868.2684 19654.3323 25629.0768 1547.8049 -3205.7965 -26330.7510
90.8887 -17.9671 -103.5664 50.6333 -620.4687 546.2411 -56.5127 371.0069 -283.8710 0.0000 92.7494 0.0000 0.0000 0.0000 0.0000 0.0000 0.0000 0.0000 -35.8788 21.7844 0.0000 0.0000 0.0000 0.0000 0.0000 0.0000 0.0000 449.1211 0.0000 437.3860 -84.3054 0.0000 -127.5520 0.0000 0.0000 -77.3167 -931.2276 0.0000 0.0000 0.0000 365.8129 0.0000 0.0000 0.0000
196.5042 -1358.2811 2365.1713 -1415.1659 153.8934 -951.6737 843.9094 651.8178 -97.8698 -339.7661 -192.7617 -127.5978 285.7287 165.6828 -258.2123 72.4304 0.0000 0.0000 368.9849 -165.4457 0.0000 -38.2420 0.0000 0.0000 0.0000 0.0000 0.0000 0.0000 0.0000 314.5056 -57.7266 0.0000 -395.5443 0.0000 225.2309 -35.5378 -279.5791 0.0000 0.0000 0.0000 114.8458 0.0000 0.0000 0.0000
268.6506 272.2685 -281.7708 126.5441 367.5989 -302.0053 0.0000 -129.5046 186.2472 0.0000 26.3516 -43.9796 0.0000 52.8018 0.0000 0.0000 0.0000 0.0000 249.4763 0.0000 0.0000 -258.4658 0.0000 0.0000 0.0000 0.0000 0.0000 0.0000 0.0000 -136.4229 128.5566 0.0000 111.8758 0.0000 0.0000 0.0000 0.0000 0.0000 0.0000 0.0000 -25.2570 0.0000 0.0000 0.0000
4677.0402 1638.7600 -681.7973 -80.8668 2301.3119 -1457.7422 -433.7805 -1680.6254 20.8078 587.0013 -310.2501 -1342.7453 1332.8898 -520.9788 981.4750 0.0000 0.0000 0.0000 -23812.4152 -113.2867 0.0000 -517.0533 1237.0029 0.0000 809.6559 -1092.6939 0.0000 18231.9252 217.6779 6640.1827 -51.0398 0.0000 -821.8143 0.0000 539.2854 398.2923 17040.3040 0.0000 0.0000 -23948.8773 -15379.5549 0.0000 0.0000 16029.1842
765.1509 -301.0617 80.9201 63.5739 443.3649 -827.6410 664.8141 -529.9418 669.1114 0.0000 2786.0144 -1300.6491 -918.7852 -2063.0122 663.1571 -1356.0857 0.0000 1809.8378 -1392.7584 1267.8857 0.0000 2578.2268 -1665.2245 0.0000 -326.3724 2286.1921 -1730.3811 1196.5380 -1337.8268 -2021.7675 1716.0356 23.9656 -98.6489 -203.4956 -40.8724 -117.3640 -567.3574 0.0000 -30.4546 0.0000 965.8885 -838.7784 298.6848 0.0000
94.9816 7.2362 -10.9255 0.0000 29.2128 24.4335 0.0000 -9.5963 0.0000 0.0000 28.0224 -0.8336 0.0000 0.0000 0.0000 0.0000 0.0000 0.0000 -56.3952 0.3899 0.0000 0.0000 0.0000 0.0000 0.0000 0.0000 0.0000 0.0000 0.0000 70.4047 0.0000 0.0000 0.0000 0.0000 0.0000 0.0000 88.2392 0.0000 0.0000 0.0000 -26.6332 0.0000 0.0000 0.0000
0.5880 -0.0134 0.0000 0.0000 0.0198 0.0000 0.0000 0.0000 0.0000 0.0000 0.0588 0.0000 0.0000 0.0000 0.0000 0.0000 0.0000 0.0000 -0.0120 0.0000 0.0000 0.0000 0.0000 0.0000 0.0000 0.0000 0.0000 0.0000 0.0000 -0.0208 0.0000 0.0000 0.0000 0.0000 0.0000 0.0000 0.0000 0.0000 0.0000 0.0000 0.0000 0.0000 0.0000 0.0000
