# numpoly:1.0.6 names:q0,q1,q2,q3,q4 keys:;;;;;,;;;;<,;;;;=,;;;;>,;;;<;,;;;<<,;;;<=,;;;=;,;;;=<,;;;>;,;;<;;,;;<;<,;;<;=,;;<<;,;;<<<,;;=;;,;;=;<,;<;;;,;<;;<,;<;;=,;<;<;,;<<;;,;=;;;,<;;;;,<;;;<,<;;;=,<;;<;,<;;<<,<;;=;,<;<;;,<<;;;,=;;;; shape:9
# onwind solar H2 battery transmission offwind wind tsc gini
1612.6802 -110.7773 -137.5714 81.1547 420.8167 -262.0607 60.0867 -361.2767 167.3517 0.0000 -805.4196 1120.8021 -489.8096 0.0000 0.0000 210.4028 -339.3594 1575.8742 99.2834 0.0000 473.7326 398.2050 -3597.1273 -2958.5649 -510.9710 394.7660 -296.8381 -56.9542 0.0000 242.5016 5719.7229 -1842.5333
597.4518 -38.2911 -28.3399 0.0000 -676.7229 134.4017 0.0000 774.3207 -260.8007 0.0000 -1403.6445 164.2950 92.8988 -314.5038 -99.9873 1466.2213 0.0000 246.1125 -224.5815 144.8733 -97.5291 0.0000 -378.4921 1287.6646 -53.4543 -218.6892 493.3197 431.6118 -478.6319 -1895.4489 889.9528 0.0000
243.1712 302.1611 -362.2732 140.9067 -581.9294 43.5934 0.0000 437.6524 0.0000 -44.0242 -75.2848 0.0000 0.0000 111.1004 0.0000 0.0000 0.0000 -21.3680 12.8336 0.0000 -68.9081 0.0000 0.0000 166.9103 0.0000 0.0000 -268.1709 0.0000 0.0000 0.0000 94.0273 -11.8818
705.9920 -3837.8503 6555.7489 -3415.1367 948.7781 -1801.0102 1009.4297 -16.6672 0.0000 0.0000 46.2565 -95.6569 78.8054 -4.3714 0.0000 0.0000 0.0000 238.0445 -414.5914 201.3943 -27.1282 0.0000 0.0000 655.8486 -1234.1252 600.7003 3.6342 0.0000 0.0000 -94.4787 48.2026 0.0000
380.2683 132.1751 -156.1010 46.1095 188.9972 -13.4124 0.0000 -76.3886 0.0000 0.0000 1.3561 0.6251 0.0000 38.2691 0.0000 0.0000 0.0000 -16.3856 17.5218 0.0000 -69.8600 116.3403 -181.3360 -93.8535 57.9839 0.0000 28.0534 0.0000 0.0000 -132.0226 465.6546 -158.0772
-172.8563 -14.4931 55.9809 0.0000 -70.3914 120.0549 -100.0394 9.7663 0.0000 0.0000 393.9484 -13.6258 0.0000 17.9995 0.0000 -188.4282 0.0000 -847.8983 -55.4345 0.0000 -162.0330 -234.4303 2124.2685 1036.5713 34.3880 0.0000 207.2339 0.0000 0.0000 193.7014 -3564.8642 1274.1104
1506.8695 -81.1619 26.7605 22.2111 191.0247 79.0630 0.0000 -287.6526 80.2238 0.0000 -16.1497 297.5282 -302.3968 12.4407 0.0000 -151.5428 0.0000 615.6774 28.9907 0.0000 274.9555 49.9180 -1286.2639 -2202.5546 -70.3874 171.3323 44.6242 -231.9794 0.0000 512.2171 2053.0609 -491.1227
90.8060 8.5411 -10.7600 0.0000 33.9039 21.9242 0.0000 -11.9425 0.0000 0.0000 27.6895 0.0000 0.0000 0.0000 0.0000 0.0000 0.0000 -53.5871 0.0000 0.0000 0.0000 0.0000 0.0000 72.0850 0.0000 0.0000 0.0000 0.0000 0.0000 0.0000 86.2960 -26.8375
0.5453 -0.0196 0.0000 0.0000 0.0217 0.0000 0.0000 0.0000 0.0000 0.0000 0.0581 0.0000 0.0000 0.0000 0.0000 0.0000 0.0000 0.0355 0.0000 0.0000 0.0000 0.0000 0.0000 0.0050 0.0000 0.0000 0.0000 0.0000 0.0000 0.0000 0.0000 0.0000
