# numpoly:1.0.6 names:q0,q1,q2,q3,q4 keys:;;;;;,;;;;<,;;;;=,;;;;>,;;;<;,;;;<<,;;;<=,;;;=;,;;;=<,;;;>;,;;<;;,;;<;<,;;<;=,;;<<;,;;<<<,;;=;;,;<;;;,;<;;<,;<;;=,;<;<;,;<;<<,;<<;;,;=;;;,<;;;;,<;;;<,<;;;=,<;;<;,<;;<<,<;<;;,<;<;<,<<;;;,<<;<;,<=;;;,=;;;;,=<;;; shape:9
# onwind solar H2 battery transmission offwind wind tsc gini
6144.8001 -622.5326 429.9758 -28.0238 -1047.2008 328.4210 123.8299 -49.8656 0.0000 0.0000 482.7977 94.9253 -485.0850 59.1792 0.0000 -266.2128 8385.6365 608.4436 -388.6636 910.2452 0.0000 558.0393 -14829.3236 -28233.3499 -38.4315 292.9141 1308.4858 -648.3369 -476.2290 339.6013 13801.2849 -1091.5379 17045.6647 22724.0025 -25139.7429
1261.4364 -747.7522 480.8078 34.9342 -7.4588 157.6541 -333.8484 488.0506 -107.1489 -196.6962 -2529.9379 1199.0162 0.0000 292.2549 -824.8650 1238.7969 969.1819 -729.9055 0.0000 -521.9880 781.0590 -1091.1286 -16.4136 303.0640 -393.3060 0.0000 -148.8582 314.9498 -123.2149 -111.8952 1242.0481 0.0000 0.0000 -412.2139 0.0000
233.8857 -2.0972 -34.3056 15.2218 -657.1031 519.2978 -80.1355 369.2486 -271.6062 0.0000 11.6336 -9.0549 0.0000 0.0000 0.0000 0.0000 86.8639 12.0525 0.0000 -47.1607 0.0000 0.0000 0.0000 92.3233 -56.0433 0.0000 -58.6819 0.0000 0.0000 0.0000 -32.0761 0.0000 0.0000 0.0000 0.0000
249.1859 -1240.2795 2401.3368 -1305.5352 675.5308 -1225.6458 735.7091 10.3264 0.0000 -9.9410 -311.2683 75.4453 65.4002 0.0000 0.0000 95.4977 134.9912 -385.3641 53.8150 0.0000 0.0000 0.0000 0.0000 -51.7051 -9.3792 0.0000 -38.9895 0.0000 0.0000 0.0000 154.6601 0.0000 0.0000 0.0000 0.0000
94.6569 105.2253 -166.5137 65.0686 300.4929 -260.4061 0.0000 -100.1159 170.3962 0.0000 15.0649 -22.4240 0.0000 80.7290 0.0000 0.0000 276.1401 76.1531 0.0000 -197.9695 0.0000 0.0000 0.0000 -31.9564 79.7430 0.0000 78.1195 0.0000 0.0000 0.0000 -116.4794 0.0000 0.0000 0.0000 0.0000
-5333.7884 128.6547 -154.5586 47.7786 255.7209 -116.4123 0.0000 -362.6469 222.5865 83.7043 161.3388 -121.9354 0.0000 -156.3128 195.4775 0.0000 4143.7686 144.9937 185.6040 385.0125 -563.0089 -179.6922 1326.8813 15545.7675 112.8371 -212.8552 -50.3964 211.4812 210.8367 0.0000 -16385.6382 0.0000 -586.7878 -8348.3218 9612.6580
3216.9634 -200.4976 13.1758 0.0000 6.1336 38.4682 141.0119 -197.6156 154.0337 0.0000 516.8321 127.5640 -269.8667 39.9358 0.0000 -234.7406 -1870.5574 73.4785 0.0000 0.0000 0.0000 254.1307 144.9923 -7461.8505 490.5814 16.4444 367.1493 -529.8769 -76.8958 0.0000 5532.8571 0.0000 0.0000 4251.6770 -3848.9492
84.9798 8.0722 -11.2510 0.0000 34.5671 22.3933 0.0000 -12.5946 0.0000 0.0000 23.1688 0.0000 0.0000 0.0000 0.0000 0.0000 -45.6077 0.0000 0.0000 0.0000 0.0000 0.0000 0.0000 73.1826 0.0000 0.0000 0.0000 0.0000 0.0000 0.0000 87.0703 0.0000 0.0000 -28.8664 0.0000
0.1701 -0.0266 0.0000 0.0000 0.0000 0.0000 0.0000 0.0000 0.0000 0.0000 0.0000 0.0000 0.0000 0.0000 0.0000 0.0000 0.0000 0.0000 0.0000 0.0000 0.0000 0.0000 0.0000 0.0000 0.0000 0.0000 0.0000 0.0000 0.0000 0.0000 0.0000 0.0000 0.0000 0.0000 0.0000
