# numpoly:1.0.6 names:q0,q1,q2,q3,q4 keys:;;;;;,;;;;<,;;;;=,;;;;>,;;;<;,;;;<<,;;;<=,;;;=;,;;;=<,;;;>;,;;<;;,;;<;<,;;<;=,;;<<;,;;<<<,;;=;;,;<;;;,;<;;<,;<;<;,;<;<<,;<<;;,;=;;;,<;;;;,<;;;<,<;;;=,<;;<;,<;;<<,<;<;;,<<;;;,<<;;<,=;;;;,=;;;< shape:9
# onwind solar H2 battery transmission offwind wind tsc gini
-226.0744 1364.7828 -141.4927 -25.6682 728.2894 -1134.2203 188.7444 -436.4368 199.5156 90.2411 711.9859 -592.6157 -38.8919 -379.8278 650.4776 -135.0364 3098.6241 -1003.2226 155.0576 0.0000 774.5816 -4057.3592 -2260.5725 -205.5914 0.0000 121.8558 0.0000 -840.8732 4721.9284 1433.9776 -1400.1303 -573.6417
1638.3661 -838.0640 125.0927 366.0674 404.6164 480.0913 -816.4848 -111.8699 0.0000 0.0000 -2775.4473 1031.2197 0.0000 110.6140 -678.5973 1282.2365 176.2965 276.5870 -109.4096 176.4672 -357.3675 -718.2265 1479.8995 -832.6569 -27.9819 -573.3909 1172.1948 -682.5789 1861.7187 -498.0610 -668.8065 0.0000
171.8020 113.4683 -2.3456 0.0000 -572.9703 50.8511 -22.5997 474.6335 0.0000 -125.3968 16.5180 25.8856 0.0000 0.0000 0.0000 0.0000 65.9273 -18.5667 -6.3855 0.0000 0.0000 0.0000 65.3683 -48.6730 0.0000 -73.9899 0.0000 0.0000 3.2470 0.0000 0.0000 0.0000
219.7428 -831.7407 936.2528 -477.3872 109.6611 125.7082 91.7617 178.8641 -288.4905 0.0000 34.2392 -278.3598 263.7934 19.6479 -7.2370 0.0000 -15.3989 0.0000 -40.2163 0.0000 0.0000 0.0000 289.2128 -159.8615 0.0000 -61.7393 31.2690 -101.5028 0.0000 0.0000 0.0000 0.0000
403.7494 -73.7525 -15.7318 0.0000 53.5206 38.5215 0.0000 0.0000 0.0000 0.0000 66.9790 -67.8514 0.0000 29.3844 0.0000 0.0000 -16.6087 59.8031 -50.3757 0.0000 0.0000 -53.8062 86.3343 181.6933 0.0000 73.3665 -129.2434 9.6020 222.9471 0.0000 -241.8134 0.0000
182.5468 24.2909 0.7121 0.0000 74.6277 -36.2324 18.5027 0.0000 0.0000 0.0000 16.7631 0.0000 0.0000 0.0000 0.0000 0.0000 -1312.3815 -84.1305 -53.9061 0.0000 -304.1443 2415.4785 946.8800 70.0947 0.0000 0.0000 0.0000 369.4720 -3600.0474 0.0000 1327.7638 0.0000
515.5870 688.7196 -208.6670 -50.5170 691.5908 -702.4061 322.5950 -692.5590 93.7942 237.0915 575.3817 -410.8867 0.0000 -190.9301 307.9518 -90.2808 1027.6128 -113.4408 83.5123 0.0000 357.8400 -1458.4635 -1599.3552 88.9215 0.0000 286.3252 -215.2999 -395.5344 1776.9142 245.1255 -342.7826 0.0000
90.8542 7.2097 -9.4024 0.0000 37.7367 21.3801 0.0000 -14.8280 0.0000 0.0000 27.2067 0.0000 0.0000 0.0000 0.0000 0.0000 -51.1211 0.0000 0.0000 0.0000 0.0000 0.0000 61.3830 0.0000 0.0000 0.0000 0.0000 0.0000 83.3372 0.0000 -19.9887 0.0000
0.4487 -0.0253 0.0000 0.0000 0.0115 0.0000 0.0000 0.0000 0.0000 0.0000 0.1167 0.0000 0.0000 0.0000 0.0000 0.0000 0.0705 0.0000 0.0000 0.0000 0.0000 0.0000 -0.0186 0.0000 0.0000 0.0000 0.0000 0.0000 0.0000 0.0000 0.0000 0.0000
