# numpoly:1.0.6 names:q0,q1,q2,q3,q4 keys:;;;;;,;;;;<,;;;;=,;;;;>,;;;<;,;;;<<,;;;<=,;;;=;,;;;=<,;;;>;,;;<;;,;;<;<,;;<;=,;;<<;,;;<<<,;;=;;,;<;;;,;<;;<,;<;;=,;<;<;,;<<;;,;=;;;,<;;;;,<;;;<,<;;;=,<;;<;,<;;<<,<;;=;,<;<;;,<<;;;,<<;;<,<<;<;,<=;;;,=;;;;,=<;;; shape:9
# onwind solar H2 battery transmission offwind wind tsc gini
4713.5516 -216.4000 358.7620 -259.2317 -1162.1148 -463.7399 457.0154 7.8529 -57.7700 0.0000 277.7179 -68.4394 0.0000 32.6472 -91.4499 0.0000 15348.6909 393.1241 -176.3546 1375.5065 425.8830 -20594.4614 -31052.4693 0.0000 0.0000 1807.8808 0.0000 0.0000 -497.3248 9398.4719 0.0000 -1969.7258 24664.0257 28852.8068 -31188.9752
632.1346 -187.2180 -1.2742 36.4418 93.0392 -47.7531 0.0000 36.2864 -19.4751 0.0000 -1094.2582 179.4812 0.0000 -24.4905 0.0000 494.0522 48.3040 49.3156 0.0000 -61.3457 -17.0067 -323.8816 514.8854 -129.4716 0.0000 54.2852 0.0000 0.0000 -379.7947 836.2691 0.0000 0.0000 0.0000 -339.3662 0.0000
-191.6829 376.9601 -428.2300 135.6982 -676.9622 318.8201 17.9845 580.0820 -372.4272 0.0000 69.4608 -152.9815 93.7476 11.1692 -18.0149 0.0000 456.2574 52.7750 0.0000 -175.7244 0.0000 335.0287 548.1065 -242.2167 0.0000 -6.4166 337.3895 -141.8929 0.0000 -1178.1777 0.0000 0.0000 0.0000 351.3815 0.0000
-198.4492 -1340.2695 3873.1889 -2375.2417 935.3389 -1665.3648 1305.1108 3.3272 -53.1479 -157.2541 104.4568 -241.1658 0.0000 -274.4477 404.3702 8.4918 416.6509 -778.7084 0.0000 33.2661 0.0000 0.0000 841.6881 -1091.0546 511.5578 -325.5021 -742.1331 522.5649 -20.7414 -544.3758 878.0254 0.0000 0.0000 0.0000 0.0000
140.7577 191.9630 -294.2545 141.8342 161.7796 -62.4192 -54.5549 -51.0570 106.3371 0.0000 41.3305 -31.7059 0.0000 -2.4274 0.0000 0.0000 462.6103 -61.3657 0.0000 -66.2736 0.0000 40.2239 171.1992 223.7979 0.0000 54.5700 -88.0161 0.0000 0.0000 -452.1097 0.0000 0.0000 0.0000 43.6895 0.0000
-3543.3184 403.4846 -306.1184 207.7984 32.7684 -10.8379 -318.2984 -203.4370 238.6920 0.0000 -19.3680 -18.9496 0.0000 -60.8493 122.1474 -3.8662 -5130.5573 -225.7974 64.4654 228.3356 -183.1684 9420.5603 19463.4381 21.7410 0.0000 -4.4206 0.0000 0.0000 263.6085 -10389.2252 0.0000 0.0000 -11282.1082 -16714.4688 18344.3044
971.5367 -6.8124 -64.0236 -31.6551 -22.2450 45.1954 143.6449 -95.2395 0.0000 0.0000 363.0005 -70.2470 0.0000 -11.8657 0.0000 -13.5146 843.6529 46.0715 0.0000 0.0000 138.2046 0.0000 -2215.2798 256.4008 0.0000 232.4845 -297.3006 0.0000 -242.9986 -165.2373 0.0000 0.0000 0.0000 1247.4008 -336.5640
95.9550 9.4149 -11.3134 0.0000 32.0122 21.6383 0.0000 -10.4865 0.0000 0.0000 27.6445 0.0000 0.0000 0.0000 0.0000 0.0000 -56.5805 0.0000 0.0000 0.0000 0.0000 0.0000 63.7242 0.0000 0.0000 0.0000 0.0000 0.0000 0.0000 89.9771 0.0000 0.0000 0.0000 -23.7299 0.0000
0.6395 -0.0108 0.0000 0.0000 -0.0123 0.0000 0.0000 0.0000 0.0000 0.0000 0.0561 0.0000 0.0000 0.0000 0.0000 0.0000 -0.0530 0.0000 0.0000 0.0000 0.0000 0.0000 0.0355 0.0000 0.0000 0.0000 0.0000 0.0000 0.0000 0.0000 0.0000 0.0000 0.0000 0.0000 0.0000
