# numpoly:1.0.6 names:q0,q1,q2,q3,q4 keys:;;;;;,;;;;<,;;;;=,;;;;>,;;;<;,;;;<<,;;;<=,;;;=;,;;;=<,;;<;;,;;<;<,;;<;=,;;<<;,;;<<<,;;=;;,;;=;<,;<;;;,;<;;<,;<;<;,;<<;;,;=;;;,<;;;;,<;;;<,<;;;=,<;;<;,<;;<<,<;<;;,<;<;<,<<;;;,<<;<;,=;;;; shape:9
# onwind solar H2 battery transmission offwind wind tsc gini
792.5306 -269.0536 178.8141 109.0727 1403.0284 -878.8745 0.0000 -562.9245 359.8470 82.6652 45.0207 -94.8434 0.0000 0.0000 -248.5298 0.0000 2991.4528 13.9564 -176.5372 485.9013 -3901.4826 -3770.6533 1049.8384 -515.4186 -803.3679 360.5096 271.3277 -217.8100 5440.7295 505.6871 -1752.5127
-40.1041 748.8034 626.6750 -237.1285 -322.0394 122.6734 0.0000 320.0989 -153.1807 -549.9676 -81.0620 -822.0364 -106.2385 171.3525 939.2555 -12.3485 68.4745 0.0000 -298.8327 -183.3631 -76.1460 2202.9435 -3000.9372 826.9915 125.2168 0.0000 -2322.8819 1701.5557 765.7277 0.0000 0.0000
328.7098 12.2905 -107.3087 35.9999 -618.2388 410.9537 -32.3256 306.6181 -178.9499 -13.3700 -22.5550 0.0000 34.1413 0.0000 0.0000 0.0000 13.3441 -0.6439 -17.6917 0.0000 0.0000 155.8349 -1.3260 0.0000 -160.3249 0.0000 0.0000 0.0000 53.3376 0.0000 -20.1257
30.5203 -582.3653 1076.4799 -581.4785 36.9920 -165.3462 60.8328 152.6691 0.0000 -90.7838 348.0453 -122.7542 0.0000 0.0000 0.0000 0.0000 87.0124 -64.0227 -40.9111 0.0000 0.0000 332.5798 -768.0752 425.0013 -105.6812 0.0000 -128.8489 0.0000 0.0000 0.0000 106.7686
359.1725 -0.2150 -24.5804 0.0000 66.8768 26.5330 0.0000 -21.2087 0.0000 70.3265 -30.2667 0.0000 2.8591 0.0000 0.0000 0.0000 102.6881 40.7079 -62.1795 0.0000 -200.4680 -403.1804 77.6594 0.0000 101.7557 -95.4381 0.0000 0.0000 525.5468 0.0000 -125.0214
-9.2059 118.3212 -42.8201 0.0000 -51.0007 -39.7589 0.0000 33.6048 0.0000 122.8195 -72.1260 70.7001 0.0000 0.0000 0.0000 0.0000 -1495.2307 0.0000 -33.8127 -113.0735 2231.7468 1705.6869 -59.2048 0.0000 114.2869 0.0000 25.9814 0.0000 -3617.6088 0.0000 1189.4080
1213.1101 -254.9990 111.5715 81.1345 690.1429 -501.7066 55.8622 -434.7457 224.6608 331.8423 -174.5625 0.0000 0.0000 0.0000 -250.6546 0.0000 1073.4120 17.9642 187.4404 269.7773 -1503.6292 -2560.5622 1080.2097 -492.9878 -4.5121 0.0000 259.3357 -65.1617 2106.7612 0.0000 -490.7597
84.3826 7.1184 -10.1508 0.0000 33.5192 21.5061 0.0000 -11.7275 0.0000 22.2548 0.0000 0.0000 0.0000 0.0000 0.0000 0.0000 -43.7211 0.0000 0.0000 0.0000 0.0000 70.1312 0.0000 0.0000 0.0000 0.0000 0.0000 0.0000 83.4459 0.0000 -26.1683
0.2533 0.0000 0.0000 0.0000 0.0000 0.0000 0.0000 0.0000 0.0000 0.0000 0.0000 0.0000 0.0000 0.0000 0.0000 0.0000 0.0000 0.0000 0.0000 0.0000 0.0000 0.0000 0.0000 0.0000 0.0000 0.0000 0.0000 0.0000 0.0000 0.0000 0.0000
