# numpoly:1.0.6 names:q0,q1,q2,q3,q4 keys:;;;;;,;;;;<,;;;;=,;;;;>,;;;<;,;;;<<,;;;<=,;;;=;,;;;=<,;;<;;,;;<;<,;;<;=,;;<<;,;;<<<,;;=;;,;<;;;,;<;;<,;<;;=,;<;<;,;<;<<,;<<;;,;=;;;,<;;;;,<;;;<,<;;;=,<;;<;,<;;<<,<;<;;,<;<<;,<<;;;,<<;<;,=;;;;,=;;<;,=<;;; shape:9
# onwind solar H2 battery transmission offwind wind tsc gini
1799.0937 -67.6522 328.1672 -219.8323 -817.9460 313.8805 257.7660 142.1740 -447.6651 388.0008 -82.1871 -87.1548 1.2102 0.0000 -39.4294 3946.2413 306.6172 0.0000 -525.7431 -46.9358 672.6378 -4689.1776 -6354.1290 -528.5263 0.0000 1925.6721 230.4506 -862.2089 -113.2978 6627.4102 562.8800 222.1455 -1406.3892 -483.5679
125.1384 0.0681 -47.7726 0.0000 151.0623 -278.6314 131.1916 74.9447 -4.2018 -383.0341 77.1354 -13.8155 42.1816 0.0000 164.5874 -17.3766 67.4627 0.0000 -128.5476 0.0000 0.0000 -91.4489 198.4186 -38.5893 0.0000 0.2529 0.0000 -252.4585 0.0000 475.4899 0.0000 -136.9789 0.0000 0.0000
52.6893 341.8734 -269.9378 129.5094 -124.6834 -236.3665 -23.6420 125.1595 106.2896 46.3900 0.0000 0.0000 0.0000 0.0000 0.0000 27.9785 34.1647 0.0000 0.0000 0.0000 0.0000 0.0000 20.1156 0.0000 0.0000 -91.3936 0.0000 0.0000 0.0000 -9.1057 0.0000 0.0000 0.0000 0.0000
77.0497 -1184.5865 3087.1720 -2056.0519 680.7727 -1497.5644 1051.7442 -140.3127 -0.4517 83.1482 -354.2151 201.4131 0.0000 0.0000 0.0000 312.4063 -972.1431 544.6521 67.0240 0.0000 0.0000 0.0000 -45.7991 134.0103 -25.1534 27.2107 0.0000 0.0000 0.0000 0.0000 0.0000 0.0000 0.0000 0.0000
510.0486 -62.8251 6.6527 18.2074 51.3748 123.4054 -79.8588 -14.8284 0.0000 10.8701 0.0000 0.0000 -40.3011 0.0000 0.0000 120.2015 -8.8751 0.0000 -58.1066 0.0000 -48.4424 0.0000 -95.5418 43.3784 0.0000 51.9565 0.0000 87.1314 0.0000 0.0000 0.0000 0.0000 0.0000 0.0000
294.1175 123.1129 -353.4084 227.8559 -35.7070 202.9574 -216.3657 -100.1790 122.1731 -89.0456 70.5953 0.0000 27.4854 0.0000 0.0000 -2093.7240 -138.5697 0.0000 66.5129 8.3945 -174.7973 2733.8229 1733.0569 177.3444 0.0000 48.0312 -77.4697 357.3388 0.0000 -3986.1658 0.0000 1229.0315 0.0000 0.0000
1356.0443 94.3916 -54.7615 0.0000 -192.6770 411.9566 0.0000 -86.2135 -133.5538 493.2335 -88.5592 0.0000 -35.7214 -24.9143 -93.6653 1736.5475 119.5854 0.0000 0.0000 0.0000 397.2213 -1787.7272 -2610.9001 -224.5680 0.0000 246.6859 0.0000 -524.9715 0.0000 2137.6816 0.0000 60.6340 -84.8621 0.0000
88.0408 10.0464 -12.0302 0.0000 35.3346 21.8901 0.0000 -12.9527 0.0000 27.8800 0.0000 0.0000 0.0000 0.0000 0.0000 -49.8180 0.0000 0.0000 0.0000 0.0000 0.0000 0.0000 72.4589 0.0000 0.0000 0.0000 0.0000 0.0000 0.0000 81.5782 0.0000 -24.5926 0.0000 0.0000
0.6204 0.0264 0.0000 0.0000 -0.0074 0.0000 0.0000 0.0000 0.0000 0.0252 0.0000 0.0000 0.0000 0.0000 0.0000 -0.1191 0.0000 0.0000 0.0000 0.0000 0.0000 0.0000 0.1205 0.0000 0.0000 0.0000 0.0000 0.0000 0.0000 0.0000 0.0000 0.0000 0.0000 0.0000
