# numpoly:1.0.6 names:q0,q1,q2,q3,q4 keys:;;;;;,;;;;<,;;;;=,;;;;>,;;;<;,;;;<<,;;;<=,;;;=;,;;;=<,;;;>;,;;<;;,;;<;<,;;<;=,;;<<;,;;<<<,;;=;;,;<;;;,;<;;<,;<;;=,;<;<;,;<<;;,;=;;;,<;;;;,<;;;<,<;;;=,<;;<;,<;;<<,<;;=;,<;<;;,<;<;<,<<;;;,<<;<;,<=;;;,=;;;;,=;;<;,=<;;; shape:9
# onwind solar H2 battery transmission offwind wind tsc gini
7771.6055 36.6721 133.7147 -146.6775 -2243.4712 -486.9511 427.6998 -32.4570 0.0000 0.0000 475.4940 -243.3252 -38.4126 0.0000 0.0000 0.0000 2919.9593 521.7880 -227.8311 2767.3253 513.0019 -10773.7832 -29169.8589 -76.9774 0.0000 2998.8240 -51.9721 0.0000 -823.5728 135.9279 18017.7406 -3861.7899 12902.7344 22101.2442 343.3989 -23689.3902
-12.1413 -341.3174 -389.9715 363.2829 -376.6692 827.5937 -278.8437 302.4244 -369.3509 -255.6970 -2220.4027 427.3882 354.9604 500.3365 -808.1741 840.9556 1671.7954 162.2459 -196.3698 490.2192 -570.7965 545.0602 2767.2987 -834.8818 -146.0561 -571.4919 1079.1418 600.2166 -387.1168 0.0000 -1948.9154 -1162.5271 0.0000 614.6299 0.0000 0.0000
184.9700 -41.0776 -27.0571 0.0000 -967.9407 411.3095 0.0000 592.5747 -182.6869 0.0000 44.4556 60.6571 0.0000 -37.7134 0.0000 0.0000 265.6368 0.0000 0.0000 -196.5258 0.0000 195.1408 195.2810 -134.0218 0.0000 555.7963 0.0000 -376.8926 -76.3011 0.0000 -519.1313 0.0000 0.0000 148.0117 0.0000 0.0000
-5.4600 -597.3173 1626.2587 -1196.6479 3.8808 -1238.2746 935.1700 943.7735 -158.4807 -308.4659 86.2452 -996.2837 732.3370 160.4062 -22.0340 0.0000 232.7714 -84.2707 0.0000 -130.3987 0.0000 27.6369 409.9607 206.9442 -160.3503 -286.4920 66.0979 0.0000 0.0000 0.0000 -161.7426 0.0000 0.0000 0.0000 0.0000 0.0000
137.6249 148.0450 -131.6695 61.5704 108.7050 -38.4145 -36.4956 25.9302 0.0000 0.0000 38.5355 0.0000 0.0000 97.3990 0.0000 0.0000 245.0996 32.6065 0.0000 -191.8728 0.0000 0.0000 -44.5055 7.9606 0.0000 70.0228 0.0000 0.0000 -62.5242 0.0000 -28.4392 0.0000 0.0000 0.0000 0.0000 0.0000
-6113.1383 14.2523 30.4431 60.2902 1355.5479 194.8169 -271.8160 -160.4962 34.0661 0.0000 -122.2249 56.0617 0.0000 -42.3543 0.0000 0.0000 5642.8736 -184.6320 50.7385 -1111.4811 -131.7936 332.7965 17266.6124 80.8413 0.0000 -1886.2176 0.0000 79.6483 432.5365 0.0000 -17280.7188 1966.0708 -398.5587 -10302.0750 0.0000 10828.8607
807.1191 80.8304 -85.3346 -11.7957 138.7882 -195.4625 145.8556 -180.1148 124.3461 0.0000 450.1408 -43.6184 -69.1406 -0.7353 0.0000 -70.1859 768.4138 98.7898 0.0000 0.0000 222.0545 0.0000 -1954.2452 324.1308 0.0000 310.7377 -328.8525 0.0000 -245.3115 0.0000 -500.1473 0.0000 0.0000 841.3774 0.0000 0.0000
88.4425 8.1636 -10.4427 0.0000 36.5439 21.1354 0.0000 -12.9939 0.0000 0.0000 23.1222 0.0000 0.0000 0.0000 0.0000 0.0000 -43.5496 0.0000 0.0000 0.0000 0.0000 0.0000 67.4203 0.0000 0.0000 0.0000 0.0000 0.0000 0.0000 0.0000 84.5344 0.0000 0.0000 -22.9050 0.0000 0.0000
0.2058 0.0000 0.0000 0.0000 0.0000 0.0000 0.0000 0.0000 0.0000 0.0000 0.0000 0.0000 0.0000 0.0000 0.0000 0.0000 0.0000 0.0000 0.0000 0.0000 0.0000 0.0000 0.0000 0.0000 0.0000 0.0000 0.0000 0.0000 0.0000 0.0000 0.0000 0.0000 0.0000 0.0000 0.0000 0.0000
