# numpoly:1.0.6 names:q0,q1,q2,q3,q4 keys:;;;;;,;;;;<,;;;;=,;;;;>,;;;<;,;;;<<,;;;<=,;;;=;,;;;=<,;;;>;,;;<;;,;;<;<,;;<;=,;;<<;,;;<<<,;;=;;,;;=;<,;<;;;,;<;;<,;<;;=,;<;<;,;<;<<,;<<;;,;<<;<,;=;;;,<;;;;,<;;;<,<;;;=,<;;<;,<;;<<,<;<;;,<;<;<,<<;;;,<<;;<,=;;;;,=;;;<,=;;<; shape:9
# onwind solar H2 battery transmission offwind wind tsc gini
1766.4938 378.4729 -40.4126 959.2849 948.3403 -17.3445 -1429.3277 -358.6286 736.4421 -37.7468 -1325.0640 1922.5515 0.0000 -84.7952 136.7664 159.8169 -257.7692 1513.3711 504.4434 -968.3401 -508.3489 630.7559 1363.1124 -2171.3913 -4317.6308 -2219.3085 -3465.3927 -109.0642 -1172.9794 0.0000 -68.0425 687.6258 7437.2433 3023.2198 -3593.7443 0.0000 920.1966
142.9824 -579.5329 -104.5151 653.5745 616.3623 -344.6314 -647.4736 61.2482 470.3036 -190.9953 -966.1192 1236.0812 -935.4584 -312.5212 477.9456 675.6347 0.0000 522.6667 -262.5368 0.0000 -139.1611 0.0000 -209.4299 0.0000 0.0000 1222.5397 -443.8824 494.7102 76.5709 0.0000 -953.6388 0.0000 35.0120 -371.0946 26.1821 181.8882 0.0000
-6.3133 318.2500 -196.8922 0.0000 -52.6449 -285.2977 191.5627 53.2533 0.0000 0.0000 2.8223 -2.5239 0.0000 5.0557 0.0000 0.0000 0.0000 -8.3905 45.2118 0.0000 0.0000 0.0000 0.0000 0.0000 0.0000 -23.5316 0.0000 0.0000 0.0000 0.0000 0.0000 0.0000 0.0000 0.0000 0.0000 0.0000 0.0000
408.3054 -2806.9800 4629.2475 -2286.2656 684.6345 -1273.3948 711.2540 0.0000 0.0000 0.0000 32.0742 9.1097 0.0000 -2.5801 0.0000 0.0000 0.0000 88.0871 -88.6168 0.0000 0.0000 0.0000 0.0000 0.0000 0.0000 466.8342 -649.6148 270.5756 0.0000 0.0000 -73.1445 0.0000 3.0598 0.0000 0.0000 0.0000 0.0000
402.0631 143.5218 -696.5521 471.5651 -55.4223 530.0042 -304.8772 -42.5101 0.0000 0.0000 68.8107 -11.4282 0.0000 -67.8889 0.0000 0.0000 0.0000 -125.9274 -122.7664 0.0000 0.0000 0.0000 0.0000 0.0000 0.0000 -6.1861 380.5000 -163.4645 36.6011 0.0000 22.2214 0.0000 309.5251 0.0000 -264.6903 0.0000 0.0000
-597.1196 135.2489 157.7502 -464.8197 -31.9331 111.8221 514.1236 139.1418 -281.2129 0.0000 174.8806 -262.9397 0.0000 119.2652 -235.2420 0.0000 0.0000 -583.6193 -508.6753 405.2807 50.7907 -81.9206 -197.3939 318.3773 2475.7112 2049.4151 539.6593 0.0000 -169.0673 2.0675 0.0000 0.0000 -5052.2518 -448.0781 1861.9570 0.0000 0.0000
1962.1785 319.5755 -97.5906 389.9580 25.4508 435.6226 -776.2460 -197.2344 297.4365 0.0000 -84.6710 77.3364 31.5808 -30.6500 0.0000 -63.7351 0.0000 594.8230 -240.4432 -104.9381 -158.7030 118.4924 68.2729 0.0000 -1655.1107 -2715.0748 -545.4015 -235.1596 208.7560 0.0000 318.3334 0.0000 3443.0196 666.1856 -979.4775 0.0000 0.0000
89.2018 6.9155 -9.8423 0.0000 35.6542 22.0056 0.0000 -12.6755 0.0000 0.0000 22.8177 0.0000 0.0000 0.0000 0.0000 0.0000 0.0000 -43.0778 0.0000 0.0000 0.0000 0.0000 0.0000 0.0000 0.0000 67.2036 0.0000 0.0000 0.0000 0.0000 0.0000 0.0000 83.4302 0.0000 -22.0075 0.0000 0.0000
0.2460 0.0000 0.0000 0.0000 0.0000 0.0000 0.0000 0.0000 0.0000 0.0000 0.0000 0.0000 0.0000 0.0000 0.0000 0.0000 0.0000 0.0000 0.0000 0.0000 0.0000 0.0000 0.0000 0.0000 0.0000 0.0000 0.0000 0.0000 0.0000 0.0000 0.0000 0.0000 0.0000 0.0000 0.0000 0.0000 0.0000
