# numpoly:1.0.6 names:q0,q1,q2,q3,q4 keys:;;;;;,;;;;<,;;;;=,;;;;>,;;;<;,;;;<<,;;;<=,;;;=;,;;;=<,;;<;;,;;<;<,;;<;=,;;<<;,;;<<<,;;<=;,;;=;;,;;=;<,;<;;;,;<;;<,;<;<;,;<;<<,;<<;;,;=;;;,<;;;;,<;;;<,<;;;=,<;;<;,<;;<<,<;<;;,<<;;;,<<;<;,<=;;;,=;;;;,=;;<; shape:9
# onwind solar H2 battery transmission offwind wind tsc gini
2481.5448 -853.4493 722.9795 -157.0317 1065.3630 318.4098 114.4124 28.7148 -272.9867 59.2925 1111.5356 -1099.1189 -322.1335 267.8600 0.0000 -239.0037 -20.1889 275.2019 -676.4749 -1477.7356 632.7666 520.1216 -3398.7718 -5655.7418 414.5655 387.4529 -852.2412 -869.8780 0.0000 11930.4659 2099.6324 -2401.1471 -2632.4570 -581.4540
577.4269 -151.7931 176.3284 -113.3053 431.2731 -425.2088 236.5896 -225.6734 -29.0480 -1362.5238 639.2691 101.3569 -600.9914 -588.0617 462.8616 1230.1288 0.0000 36.7530 -26.6599 207.1638 62.2578 -5.0236 -594.8475 873.6429 -411.1392 0.0000 -21.2890 232.0332 -1582.8366 1198.9434 0.0000 0.0000 8.7746 0.0000
219.9409 248.1947 -154.0180 61.3133 -386.6256 19.1464 -79.9026 201.9101 16.8849 14.5127 -54.4161 0.0000 24.8033 0.0000 0.0000 0.0000 0.0000 -60.8649 33.3460 -14.8094 0.0000 0.0000 0.0000 -81.9347 29.9186 0.0000 -71.3789 0.0000 0.0000 133.2435 0.0000 0.0000 0.0000 0.0000
-48.4969 -457.4306 1263.0146 -840.6590 934.9241 -1728.9338 1076.3473 -68.2195 0.0000 -35.9634 93.1117 0.0000 -125.4792 0.0000 0.0000 26.3019 0.0000 31.7043 -101.4873 59.0961 0.0000 0.0000 0.0000 -55.5100 0.0000 0.0000 44.7675 0.0000 -11.6825 0.0000 0.0000 0.0000 17.2070 0.0000
479.5938 -3.3540 3.1261 0.0000 161.5411 0.0000 0.0000 -9.6940 0.0000 58.2192 -18.8802 0.0000 0.0000 0.0000 0.0000 0.0000 0.0000 -32.1900 0.0000 -84.2905 0.0000 0.0000 0.0000 138.5042 16.1523 0.0000 0.0000 0.0000 0.0000 237.4593 0.0000 0.0000 -172.2065 0.0000
-159.0529 -13.8003 -114.1298 63.5008 2.8241 211.4997 -97.1617 -49.9268 41.7593 100.4091 -195.7734 157.8818 139.4975 0.0000 0.0000 -52.5065 0.0000 -1453.3363 157.4479 -347.2749 -81.0239 -193.4859 3193.5650 1979.1740 -19.2050 -76.1185 283.5197 0.0000 188.6550 -5369.2170 0.0000 0.0000 1778.9257 0.0000
1600.1489 -821.1253 408.0366 0.0000 -20.9542 520.5982 0.0000 -167.9001 -3.6320 420.3083 591.7793 -591.9598 -43.3208 59.7908 0.0000 -370.5220 0.0000 793.6524 -111.6572 212.7332 0.0000 223.1685 -2078.8428 -2497.0822 455.6792 5.6392 48.2800 -432.6674 170.5987 3775.2027 0.0000 0.0000 -1152.9626 0.0000
88.0730 8.5006 -11.4391 0.0000 36.0187 22.7795 0.0000 -13.1837 0.0000 23.3690 0.0000 0.0000 0.0000 0.0000 0.0000 0.0000 0.0000 -43.2092 0.0000 0.0000 0.0000 0.0000 0.0000 67.4695 0.0000 0.0000 0.0000 0.0000 0.0000 83.3513 0.0000 0.0000 -21.9886 0.0000
0.3165 0.0000 0.0000 0.0000 0.0000 0.0000 0.0000 0.0000 0.0000 0.0000 0.0000 0.0000 0.0000 0.0000 0.0000 0.0000 0.0000 0.0000 0.0000 0.0000 0.0000 0.0000 0.0000 0.0000 0.0000 0.0000 0.0000 0.0000 0.0000 0.0000 0.0000 0.0000 0.0000 0.0000
