# numpoly:1.0.6 names:q0,q1,q2,q3,q4 keys:;;;;;,;;;;<,;;;;=,;;;;>,;;;<;,;;;<<,;;;<=,;;;=;,;;;=<,;;;>;,;;<;;,;;<;<,;;<;=,;;<<;,;;<<<,;;=;;,;<;;;,;<;;<,;<;;=,;<;<;,;<;<<,;<<;;,;=;;;,<;;;;,<;;;<,<;;;=,<;;<;,<;;<<,<;;=;,<;<;;,<;<;<,<;<<;,<<;;;,=;;;;,=;;<; shape:9
# onwind solar H2 battery transmission offwind wind tsc gini
1922.8772 -401.5040 525.2866 0.0000 -519.5502 226.3535 -485.0293 91.1535 30.8249 0.0000 250.0050 -111.1630 0.0000 17.2394 0.0000 -177.8252 1901.0326 234.1767 88.1991 610.2216 -569.6428 204.5108 -3779.2900 -4595.3583 -174.1098 -331.6106 659.5249 1205.2828 -355.2029 85.5549 -93.7289 0.0000 6289.3758 -1041.7968 -857.3196
320.4198 1088.3947 414.6393 -253.0653 -393.5904 -824.3897 639.8800 -28.3518 -295.8986 108.2629 -424.0091 -1144.5713 -593.5324 45.6775 902.6763 891.7879 1.8744 36.9440 0.0000 -46.5491 0.0000 -122.8670 -285.7149 725.5800 -1479.6118 231.6256 1392.7020 -598.6407 0.0000 -1543.8853 1682.1839 -788.3809 821.3261 -15.6788 0.0000
266.7650 95.5327 -358.1505 137.8962 -474.9738 602.2448 0.0000 150.8325 -298.4150 0.0000 -30.9891 -57.2912 0.0000 0.0000 0.0000 0.0000 43.6120 2.4490 0.0000 13.9759 0.0000 0.0000 0.0000 29.8265 20.7613 0.0000 0.0000 0.0000 0.0000 12.2098 0.0000 0.0000 2.4008 -60.6441 0.0000
-67.5732 -242.5332 689.2430 -413.7085 204.0370 -724.6930 364.3102 95.8982 4.6659 0.0000 -40.1398 112.7171 0.0000 -58.7883 0.0000 0.0000 229.8806 -17.5751 0.0000 0.0000 0.0000 0.0000 0.0000 -77.5571 -36.7815 0.0000 0.0000 0.0000 0.0000 -37.4824 0.0000 0.0000 -58.0820 76.6698 0.0000
514.7904 18.4194 13.3537 0.0000 61.7994 -66.1580 0.0000 78.4548 0.0000 0.0000 61.3909 -6.7256 0.0000 0.0000 0.0000 0.0000 -18.6264 22.8427 0.0000 -194.7604 0.0000 0.0000 0.0000 -140.3416 -13.3178 0.0000 131.4831 0.0000 0.0000 -31.3412 0.0000 0.0000 220.3120 -44.9170 0.0000
-82.0576 -39.9769 -19.6125 0.0000 -191.5113 96.5446 32.0230 102.6849 0.0000 0.0000 27.3171 51.7323 0.0000 35.8950 0.0000 0.0000 -1075.1162 -2.2452 0.0000 -142.1087 3.1423 -13.6788 2202.5736 1484.3533 132.4268 15.9561 293.4012 -294.9653 0.0000 2.8059 0.0000 0.0000 -3798.8464 1255.7391 0.0000
1149.9179 16.6961 323.8655 0.0000 551.2205 -170.5379 -355.2518 -171.2102 164.0496 0.0000 323.5211 -121.7034 0.0000 62.7568 0.0000 -182.8698 893.0856 -57.6138 0.0000 95.6155 0.0000 109.1375 -1404.3524 -2006.1058 -132.8593 -90.5756 -742.7967 535.5239 0.0000 105.7381 0.0000 0.0000 2407.7595 -359.5884 0.0000
88.1336 9.2062 -11.7525 0.0000 28.5698 21.3388 0.0000 -9.9383 0.0000 0.0000 23.0330 0.0000 0.0000 0.0000 0.0000 0.0000 -43.9464 0.0000 0.0000 0.0000 0.0000 0.0000 0.0000 66.8226 0.0000 0.0000 0.0000 0.0000 0.0000 0.0000 0.0000 0.0000 76.8972 -23.9693 0.0000
0.5658 -0.0172 0.0000 0.0000 0.0553 0.0000 0.0000 0.0000 0.0000 0.0000 0.0451 0.0000 0.0000 0.0000 0.0000 0.0000 0.0038 0.0000 0.0000 0.0000 0.0000 0.0000 0.0000 -0.0146 0.0000 0.0000 0.0000 0.0000 0.0000 0.0000 0.0000 0.0000 0.0000 0.0000 0.0000
