# numpoly:1.0.6 names:q0,q1,q2,q3,q4 keys:;;;;;,;;;;<,;;;;=,;;;;>,;;;<;,;;;<<,;;;<=,;;;=;,;;;=<,;;<;;,;;<;<,;;<;=,;;<<;,;;=;;,;;=;<,;<;;;,;<;;<,;<;;=,;<;<;,;<<;;,;=;;;,<;;;;,<;;;<,<;;;=,<;;<;,<;;<<,<;<;;,<;<;<,<<;;;,<<;;<,=;;;; shape:9
# onwind solar H2 battery transmission offwind wind tsc gini
2423.0433 -667.2985 194.6606 -131.1144 97.0257 160.3220 0.0000 -130.7794 -12.4973 -1071.6427 2355.4151 -709.2463 0.0000 347.0199 -953.6307 1403.7908 -57.2590 -215.6843 603.9101 619.0388 -4741.4538 -3974.2581 -1214.2028 949.6572 -642.1118 0.0000 0.0000 0.0000 8674.3384 324.6018 -2695.6097
627.0396 -18.8680 86.4316 -83.0828 -148.3021 -460.4312 413.2686 307.4326 -271.9664 -1243.0112 227.7625 0.0000 -231.4407 1148.5997 0.0000 -166.2025 68.2023 0.0000 105.4563 -159.8765 -184.5761 1199.4392 -478.5550 0.0000 179.6371 0.0000 -1535.4433 277.3462 778.9201 0.0000 -56.8948
281.3656 139.5682 -125.8482 79.7935 -391.8260 201.5795 -162.5641 151.9716 0.0000 -2.3707 -41.9684 0.0000 33.9788 0.0000 0.0000 -76.7780 26.1407 0.0000 -9.2019 0.0000 -31.7055 -106.5103 19.7544 0.0000 -65.0008 0.0000 0.0000 0.0000 206.0744 0.0000 -23.9476
-26.0602 -608.4389 1511.2164 -962.1097 764.3994 -1660.4631 1045.5539 17.2826 -27.8751 -78.1246 123.0909 0.0000 -106.7491 68.1236 0.0000 2.3564 -74.5346 0.0000 75.0052 17.5501 6.3330 135.2801 -54.4945 0.0000 51.9076 0.0000 -102.2558 0.0000 -48.3552 0.0000 1.7307
249.1923 47.7812 -42.8094 0.0000 155.9458 -57.6789 44.3402 0.0000 0.0000 71.9516 -33.6350 0.0000 15.8360 -15.0973 0.0000 65.6576 41.5157 0.0000 -125.0675 0.0000 0.0000 129.3317 0.0000 0.0000 26.9188 0.0000 0.0000 0.0000 137.8625 0.0000 -150.8436
-379.9701 86.9301 -98.9752 108.6420 167.7711 -148.1006 0.0000 -71.6388 115.5464 102.3033 -127.2647 102.6328 23.0045 0.0000 0.0000 -924.8693 -39.5205 31.8714 -313.9258 -204.8836 2830.9048 1803.1838 305.7766 -297.5321 278.2290 0.0000 153.5114 0.0000 -5211.2636 0.0000 1779.3213
1740.3391 -5.0392 -86.1334 0.0000 113.5345 255.5676 -48.0140 -136.3134 0.0000 349.7943 189.9316 -255.2610 37.3673 -316.8108 0.0000 267.4416 -56.1063 0.0000 261.8038 326.5387 -1729.2996 -2504.2302 -207.2573 318.6858 -300.6920 -43.6995 130.9181 0.0000 3529.7757 0.0000 -825.5084
84.2922 8.5676 -10.4196 0.0000 32.6013 19.9366 0.0000 -10.6831 0.0000 22.5362 0.0000 0.0000 0.0000 0.0000 0.0000 -42.3098 0.0000 0.0000 0.0000 0.0000 0.0000 64.4715 0.0000 0.0000 0.0000 0.0000 0.0000 0.0000 82.2644 0.0000 -22.8601
0.2879 0.0000 0.0000 0.0000 0.0000 0.0000 0.0000 0.0000 0.0000 0.0000 0.0000 0.0000 0.0000 0.0000 0.0000 0.0000 0.0000 0.0000 0.0000 0.0000 0.0000 0.0000 0.0000 0.0000 0.0000 0.0000 0.0000 0.0000 0.0000 0.0000 0.0000
