# numpoly:1.0.6 names:q0,q1,q2,q3,q4 keys:;;;;;,;;;;<,;;;;=,;;;;>,;;;<;,;;;<<,;;;<=,;;;=;,;;;=<,;;;>;,;;<;;,;;<;<,;;<;=,;;<<;,;;<<<,;;=;;,;<;;;,;<;;<,;<;<;,;<;<<,;<<;;,;=;;;,<;;;;,<;;;<,<;;;=,<;;<;,<;;<<,<;<;;,<;<;<,<<;;;,<<;;<,<=;;;,=;;;;,=;;;<,=<;;; shape:9
# onwind solar H2 battery transmission offwind wind tsc gini
4195.7722 511.3673 -47.4704 0.0000 -420.8059 636.6819 352.5263 -68.5271 0.0000 0.0000 1231.7778 -698.2225 -328.6979 111.8468 0.0000 -465.6889 -646.7464 -1066.8614 -48.6583 78.4811 610.6997 -2633.8805 -13286.4112 120.7104 0.0000 618.1733 -1350.4762 -1067.3849 1179.8400 12033.4315 1382.1836 789.9181 6288.1997 -722.5963 -6767.3116
2025.2944 -2022.2273 714.9757 91.7646 -1003.7524 935.0024 -389.1730 1582.7118 0.0000 -761.8291 -3156.7623 2242.7078 -121.1499 584.0105 -1447.8947 1132.8650 257.8680 -291.5349 -516.4777 411.4172 -607.1778 690.5263 892.1045 35.2859 -305.3018 -136.3710 433.8464 -202.1446 -534.8023 -360.4983 0.0000 0.0000 348.7433 0.0000 0.0000
284.4986 -84.1829 2.1061 0.0000 -712.9838 688.0302 -79.3116 447.0386 -362.0918 0.0000 -17.1305 34.1404 0.0000 0.0000 0.0000 0.0000 80.1602 -49.8682 -95.6709 30.7819 0.0000 0.0000 84.8242 -80.3053 0.0000 -144.8287 0.0000 0.0000 0.0000 76.3921 0.0000 0.0000 0.4030 0.0000 0.0000
237.5879 -1337.5644 2333.9867 -1289.1456 222.4851 -1103.9605 764.4522 559.2838 0.0000 -235.2775 -261.4168 66.8689 174.1138 148.5819 -201.1292 63.0578 163.2211 -114.8003 -130.5220 0.0000 0.0000 0.0000 248.0492 -190.9369 0.0000 0.0000 0.0000 -90.7356 0.0000 0.0000 0.0000 0.0000 34.2329 0.0000 0.0000
157.7780 51.2297 -87.1922 0.0000 120.4069 -110.7752 53.4341 0.0000 0.0000 0.0000 43.2036 -66.9014 0.0000 83.6883 0.0000 0.0000 329.0475 117.1290 -230.1007 0.0000 0.0000 0.0000 -103.2160 73.2089 0.0000 157.4159 0.0000 0.0000 0.0000 -139.9113 0.0000 0.0000 0.0000 0.0000 0.0000
-287.5702 204.8181 -284.5969 54.9241 109.2385 177.2703 -118.0116 -433.2986 88.5101 153.2209 52.4881 -278.6265 268.7563 -59.6876 0.0000 71.7229 -1074.7329 172.0476 358.6156 -374.1147 -262.0450 1001.5667 2098.2475 77.7834 0.0000 81.6673 144.0199 353.6787 -111.7510 -2041.6651 0.0000 0.0000 91.2002 0.0000 0.0000
980.8671 -125.4200 -231.3523 0.0000 -98.1865 227.4765 168.8734 -212.6593 132.9483 0.0000 700.1885 -226.3416 0.0000 -1.0566 61.6226 -302.2553 1056.9430 50.1345 94.7096 0.0000 274.9390 -765.1404 -2351.8085 834.6830 0.0000 488.6794 -846.4621 -31.2398 0.0000 769.8697 0.0000 0.0000 112.2607 0.0000 0.0000
86.4620 7.7990 -10.3293 0.0000 29.7210 21.0954 0.0000 -9.2770 0.0000 0.0000 22.1270 0.0000 0.0000 0.0000 0.0000 0.0000 -33.1069 0.0000 0.0000 0.0000 0.0000 0.0000 57.0844 0.0000 0.0000 0.0000 0.0000 0.0000 0.0000 70.4702 0.0000 0.0000 -11.4498 0.0000 0.0000
0.2212 -0.0214 0.0000 0.0000 0.0000 0.0000 0.0000 0.0000 0.0000 0.0000 0.0000 0.0000 0.0000 0.0000 0.0000 0.0000 0.0000 0.0000 0.0000 0.0000 0.0000 0.0000 0.0000 0.0000 0.0000 0.0000 0.0000 0.0000 0.0000 0.0000 0.0000 0.0000 0.0000 0.0000 0.0000
