# numpoly:1.0.6 names:q0,q1,q2,q3,q4 keys:;;;;;,;;;;<,;;;;=,;;;;>,;;;<;,;;;<<,;;;<=,;;;=;,;;;=<,;;<;;,;;<;<,;;<;=,;;<<;,;;<<<,;;=;;,;;=;<,;<;;;,;<;;<,;<;<;,;<;<<,;<<;;,;=;;;,<;;;;,<;;;<,<;;;=,<;;<;,<;;<<,<;;=;,<;<;;,<;<;<,<;<<;,<<;;;,<<;;<,<<;<;,<=;;;,=;;;;,=;;<;,=<;;; shape:9
# onwind solar H2 battery transmission offwind wind tsc gini
5487.1027 -325.1699 492.1029 -279.9934 -615.8464 -508.6589 319.5852 -331.7612 452.1472 -114.7567 805.8869 -522.2626 -52.9601 0.0000 278.5446 -310.3147 5859.1542 67.2481 823.1769 0.0000 674.1292 -11171.8480 -22977.5670 -289.5234 244.6663 1630.3898 -740.1745 0.0000 -1056.7067 388.9093 -19.0035 11441.0944 173.8381 -1188.3418 13119.5034 18379.1682 40.5667 -19864.2646
1124.2338 -509.6825 -102.6318 372.2870 189.0610 715.8249 -643.4546 -72.8188 0.0000 -2466.1204 670.4389 0.0000 -0.2094 -364.5587 1190.2254 0.0000 644.9259 -91.9046 -79.7493 128.6279 -391.9040 -729.5752 1602.6755 -641.1386 0.0000 -146.8360 379.8676 0.0000 -767.8104 0.0000 0.0000 1521.7602 0.0000 0.0000 0.0000 -694.1077 0.0000 0.0000
378.7589 -81.2305 -23.1480 0.0000 -706.5793 448.5295 0.0000 400.6265 -208.9775 -28.8625 96.2145 0.0000 -18.4264 0.0000 0.0000 0.0000 -92.4881 0.0000 -176.1271 0.0000 0.0000 310.6255 97.1017 -147.8452 0.0000 140.1756 0.0000 -98.0935 -34.2242 0.0000 0.0000 -336.5450 0.0000 0.0000 0.0000 188.4731 0.0000 0.0000
-2.5669 -748.7544 1889.5591 -1302.8297 581.1080 -1454.3801 971.8512 154.3026 0.0000 78.9666 -749.3039 510.9619 111.5514 0.0000 3.4285 0.0000 130.7265 -61.1843 -77.2756 0.0000 -29.3643 0.0000 245.9098 136.0794 -72.5327 -214.0246 0.0000 0.0000 0.0000 0.0000 0.0000 -3.6798 0.0000 0.0000 0.0000 0.0000 0.0000 0.0000
117.0713 79.7722 -69.9526 70.2155 102.9524 81.9292 -153.5135 29.5104 0.0000 19.3355 -26.0272 0.0000 75.7740 0.0000 0.0000 0.0000 425.5881 39.8613 -239.5975 0.0000 0.0000 0.0000 -143.5725 22.5236 0.0000 93.6672 0.0000 0.0000 -12.8898 0.0000 0.0000 -206.4797 0.0000 0.0000 0.0000 114.7795 0.0000 0.0000
-4267.4308 430.5963 -431.6420 194.7407 191.4637 38.8990 -107.8316 -111.5381 0.0000 302.1569 -237.5263 133.7619 7.6496 6.2621 -188.1360 0.0000 2734.0761 -110.9464 165.7773 0.0000 -305.1081 1488.6831 12334.5751 74.1254 0.0000 -363.4161 88.1544 72.4917 556.7552 0.0000 0.0000 -11556.1394 0.0000 137.0846 -1635.6496 -7581.9363 0.0000 8267.3094
1092.7090 114.4175 -184.4243 -16.2311 110.7477 -201.4093 179.5340 -246.9136 235.8790 323.2579 -0.4959 -84.1077 -39.0235 0.0000 -15.3520 0.0000 347.9534 114.0186 52.5415 0.0000 291.9430 0.0000 -2078.4887 313.8203 124.9175 466.4014 -570.1919 0.0000 -262.4396 0.0000 0.0000 -124.4797 0.0000 0.0000 0.0000 698.5589 0.0000 0.0000
84.8682 8.0811 -10.8886 0.0000 36.4829 22.4345 0.0000 -13.3951 0.0000 23.0766 0.0000 0.0000 0.0000 0.0000 0.0000 0.0000 -40.1893 0.0000 0.0000 0.0000 0.0000 0.0000 71.8133 0.0000 0.0000 0.0000 0.0000 0.0000 0.0000 0.0000 0.0000 80.0329 0.0000 0.0000 0.0000 -22.6430 0.0000 0.0000
0.2159 0.0000 0.0000 0.0000 0.0000 0.0000 0.0000 0.0000 0.0000 0.0000 0.0000 0.0000 0.0000 0.0000 0.0000 0.0000 0.0000 0.0000 0.0000 0.0000 0.0000 0.0000 0.0000 0.0000 0.0000 0.0000 0.0000 0.0000 0.0000 0.0000 0.0000 0.0000 0.0000 0.0000 0.0000 0.0000 0.0000 0.0000
