# numpoly:1.0.6 names:q0,q1,q2,q3,q4 keys:;;;;;,;;;;<,;;;;=,;;;;>,;;;<;,;;;<<,;;;<=,;;;=;,;;;=<,;;<;;,;;<;<,;;<;=,;;<<;,;;<<<,;;=;;,;<;;;,;<;;<,;<;;=,;<;<;,;<<;;,;=;;;,<;;;;,<;;;<,<;;<;,<;;<<,<;<;;,<<;;;,<=;;;,=;;;;,=<;;; shape:9
# onwind solar H2 battery transmission offwind wind tsc gini
1723.0870 -189.6507 82.2424 0.0000 100.2227 151.9952 0.0000 -102.9790 0.0000 220.8817 77.9525 -187.0735 133.8786 0.0000 0.0000 9173.8527 111.0314 0.0000 -232.0457 28.0779 -9663.7252 -14168.2609 100.3817 103.5298 -120.0737 -181.7488 2393.7891 11573.3235 13421.6889 -14050.6739
614.6200 -308.4756 382.5877 -269.7172 49.2153 -417.3173 422.7253 305.4626 -239.4746 -833.2126 197.8731 -3.7770 0.0000 0.0000 383.8339 204.2688 -49.3044 0.0000 -136.4663 -151.4788 -168.6794 -86.6629 0.0000 0.0000 0.0000 -190.3781 845.3336 0.0000 -269.5326 0.0000
104.1995 159.0038 -8.3383 40.6180 -114.3051 -185.2135 -116.3018 3.3406 174.4469 32.8190 -31.3792 0.0000 21.6869 0.0000 0.0000 0.4212 19.3380 0.0000 0.0000 0.0000 0.0000 -12.1822 0.0000 0.0000 0.0000 0.0000 0.0000 0.0000 0.0000 0.0000
80.2294 -158.0152 456.1534 -509.1342 243.2693 -672.9157 798.4734 194.7470 -376.9204 -112.1085 357.4619 -226.9471 -174.3700 110.0433 0.0000 142.2258 -570.0605 366.4322 66.4348 0.0000 0.0000 3.8107 10.8438 0.0000 0.0000 0.0000 0.0000 0.0000 0.0000 0.0000
474.9416 48.0566 -18.2183 0.0000 67.4251 36.1781 0.0000 0.0000 0.0000 0.9008 28.0284 0.0000 -18.2349 0.0000 0.0000 20.7572 -53.8939 0.0000 -99.8318 0.0000 0.0000 -116.8500 -21.9289 110.2358 0.0000 0.0000 193.4208 0.0000 -73.2757 0.0000
-951.4524 297.6353 -272.8456 98.8528 28.5620 115.6073 -98.8946 -4.6351 0.0000 207.3291 -164.9395 150.0354 -108.1575 0.0000 -99.5117 52.3965 -19.9947 0.0000 98.4673 0.0000 398.5218 4265.7965 -113.8576 -80.1790 129.3209 155.3310 -3823.3611 0.0000 -1881.8997 2009.9908
803.2561 102.7586 -158.5119 70.6433 122.7498 263.6543 -93.7540 -125.8984 0.0000 293.3093 -139.3691 0.0000 27.3977 0.0000 -27.0297 722.3865 77.9201 0.0000 -117.1566 30.9562 566.4427 -928.0780 0.0000 29.0187 0.0000 0.0000 -1743.6163 0.0000 1106.4658 0.0000
93.7313 8.5166 -10.8190 0.0000 34.0758 22.1106 0.0000 -12.1472 0.0000 27.6441 0.0000 0.0000 0.0000 0.0000 0.0000 -54.8504 0.0000 0.0000 0.0000 0.0000 0.0000 66.2009 0.0000 0.0000 0.0000 0.0000 87.8574 0.0000 -24.0917 0.0000
0.5854 -0.0155 0.0000 0.0000 0.0129 0.0000 0.0000 0.0000 0.0000 0.0225 0.0000 0.0000 0.0000 0.0000 0.0000 0.0093 0.0000 0.0000 0.0000 0.0000 0.0000 0.0141 0.0000 0.0000 0.0000 0.0000 0.0000 0.0000 0.0000 0.0000
