# numpoly:1.0.6 names:q0,q1,q2,q3,q4 keys:;;;;;,;;;;<,;;;;=,;;;;>,;;;<;,;;;<<,;;;<=,;;;=;,;;;=<,;;;>;,;;<;;,;;<;<,;;<;=,;;<<;,;;<<<,;;=;;,;<;;;,;<;;<,;<;;=,;<;<;,;<;<<,;<<;;,;=;;;,<;;;;,<;;;<,<;;;=,<;;<;,<;;<<,<;<;;,<;<;<,<<;;;,<<;<;,<=;;;,=;;;;,=<;;; shape:9
# onwind solar H2 battery transmission offwind wind tsc gini
6094.5127 -653.7885 429.9758 -28.0238 -991.5101 328.4210 123.8299 -49.8656 0.0000 0.0000 454.5073 94.9253 -485.0850 59.1792 0.0000 -266.2128 8066.8918 608.4436 -388.6636 910.2452 0.0000 558.0393 -14829.3236 -27798.9257 -38.4315 292.9141 1308.4858 -648.3369 -476.2290 339.6013 13801.2849 -1091.5379 17045.6647 22724.0025 -25139.7429
1186.5332 -695.0520 480.8078 34.9342 -80.2044 157.6541 -333.8484 488.0506 -107.1489 -196.6962 -2116.8511 1199.0162 0.0000 292.2549 -824.8650 1238.7969 839.9403 -729.9055 0.0000 -521.9880 781.0590 -1091.1286 -16.4136 154.4238 -393.3060 0.0000 -148.8582 314.9498 -123.2149 -111.8952 1242.0481 0.0000 0.0000 -412.2139 0.0000
216.8475 -17.9831 -34.3056 15.2218 -606.2368 519.2978 -80.1355 369.2486 -271.6062 0.0000 1.6585 -9.0549 0.0000 0.0000 0.0000 0.0000 50.7257 12.0525 0.0000 -47.1607 0.0000 0.0000 0.0000 121.7317 -56.0433 0.0000 -58.6819 0.0000 0.0000 0.0000 -32.0761 0.0000 0.0000 0.0000 0.0000
339.8401 -1259.2568 2401.3368 -1305.5352 602.8432 -1225.6458 735.7091 10.3264 0.0000 -9.9410 -310.2387 75.4453 65.4002 0.0000 0.0000 95.4977 155.5029 -385.3641 53.8150 0.0000 0.0000 0.0000 0.0000 -97.6193 -9.3792 0.0000 -38.9895 0.0000 0.0000 0.0000 154.6601 0.0000 0.0000 0.0000 0.0000
320.5419 116.9267 -166.5137 65.0686 264.2950 -260.4061 0.0000 -100.1159 170.3962 0.0000 -14.8512 -22.4240 0.0000 80.7290 0.0000 0.0000 278.7866 76.1531 0.0000 -197.9695 0.0000 0.0000 0.0000 -49.5066 79.7430 0.0000 78.1195 0.0000 0.0000 0.0000 -116.4794 0.0000 0.0000 0.0000 0.0000
-5350.1659 158.6631 -154.5586 47.7786 233.1962 -116.4123 0.0000 -362.6469 222.5865 83.7043 112.4217 -121.9354 0.0000 -156.3128 195.4775 0.0000 4339.1271 144.9937 185.6040 385.0125 -563.0089 -179.6922 1326.8813 15343.8924 112.8371 -212.8552 -50.3964 211.4812 210.8367 0.0000 -16385.6382 0.0000 -586.7878 -8348.3218 9612.6580
3173.9090 -209.1550 13.1758 0.0000 9.5564 38.4682 141.0119 -197.6156 154.0337 0.0000 418.8243 127.5640 -269.8667 39.9358 0.0000 -234.7406 -1946.1354 73.4785 0.0000 0.0000 0.0000 254.1307 144.9923 -7255.3021 490.5814 16.4444 367.1493 -529.8769 -76.8958 0.0000 5532.8571 0.0000 0.0000 4251.6770 -3848.9492
89.1342 8.6229 -11.2510 0.0000 33.9249 22.3933 0.0000 -12.5946 0.0000 0.0000 27.0184 0.0000 0.0000 0.0000 0.0000 0.0000 -54.8472 0.0000 0.0000 0.0000 0.0000 0.0000 0.0000 72.9497 0.0000 0.0000 0.0000 0.0000 0.0000 0.0000 87.0703 0.0000 0.0000 -28.8664 0.0000
0.5718 0.0144 0.0000 0.0000 0.0136 0.0000 0.0000 0.0000 0.0000 0.0000 0.0644 0.0000 0.0000 0.0000 0.0000 0.0000 -0.0203 0.0000 0.0000 0.0000 0.0000 0.0000 0.0000 -0.0006 0.0000 0.0000 0.0000 0.0000 0.0000 0.0000 0.0000 0.0000 0.0000 0.0000 0.0000
