# numpoly:1.0.6 names:q0,q1,q2,q3,q4 keys:;;;;;,;;;;<,;;;;=,;;;;>,;;;<;,;;;<<,;;;<=,;;;=;,;;<;;,;;<;<,;;<;=,;;<<;,;;<<<,;;=;;,;<;;;,;<;;<,;<;;=,;<;<;,;<;<<,;<<;;,;=;;;,<;;;;,<;;;<,<;;;=,<;;<;,<;<;;,<<;;;,=;;;;,=<;;; shape:9
# onwind solar H2 battery transmission offwind wind tsc gini
1281.4888 121.7970 -159.2441 62.8938 126.7615 197.5203 0.0000 -106.8666 316.1118 -61.7720 -36.4521 -39.3513 0.0000 -67.4907 1761.8226 23.7036 0.0000 -34.1457 0.0000 129.5345 -1490.8221 -2610.1348 -47.4722 0.0000 1.9380 -24.5033 1840.2279 -86.4236 0.0000
546.4131 -323.6207 273.4367 0.0000 531.1932 -636.8609 36.7474 -26.0344 -1402.8310 148.7804 0.0000 -412.8888 419.0888 710.4561 -465.2852 -292.9884 255.1339 48.5192 -56.6198 707.8879 -5.4948 2161.7163 369.9029 -390.5907 120.4255 -1311.8996 -1022.2350 304.2274 268.5337
-21.0861 137.8732 -77.5711 0.0000 -254.5035 28.2250 0.0000 75.2953 31.1964 -19.0505 0.0000 0.0000 0.0000 0.0000 17.8865 -2.3765 0.0000 213.3900 0.0000 -4.2003 175.2165 382.7531 49.5858 0.0000 -201.4384 0.0000 -665.2400 235.6596 0.0000
169.1829 -550.2765 1167.9801 -667.3690 607.2955 -1025.8703 516.7126 0.0000 24.5399 -290.8847 270.7436 0.0000 0.0000 9.8681 -169.2512 96.4804 0.0000 -45.6515 0.0000 52.2559 -232.0047 17.7870 -261.8892 11.5386 27.7845 -83.6487 628.6121 -183.3475 0.0000
265.6694 36.3624 -22.3134 0.0000 47.2767 -14.2272 0.0000 9.4613 50.5836 0.0000 0.0000 15.9309 0.0000 0.0000 -180.1734 -71.0889 0.0000 63.2611 0.0000 0.0000 -440.9069 268.3306 84.3976 0.0000 -83.0491 0.0000 1068.6790 -598.4753 0.0000
53.2118 2.9174 0.0000 0.0000 7.2204 -19.7824 0.0000 6.7315 -0.4991 0.0000 0.0000 4.5734 0.0000 0.0000 -199.4982 0.0000 0.0000 -7.7414 0.0000 0.0000 314.1146 69.6023 14.9668 0.0000 0.0000 0.0000 -446.8328 200.6294 0.0000
1318.8135 0.4264 -74.4120 75.4536 110.5793 203.1804 -2.0418 -94.0141 351.5329 100.9212 -162.1978 1.2553 -28.6937 -104.7124 1453.8228 7.2468 0.0000 -75.3731 0.0000 68.5545 -1021.5914 -2379.4983 -17.1121 0.0000 17.9159 0.0000 1303.8867 39.8261 0.0000
92.2453 7.2366 -10.3308 0.0000 36.9040 22.1986 0.0000 -13.5824 23.1434 0.0000 0.0000 0.0000 0.0000 0.0000 -43.3566 0.0000 0.0000 0.0000 0.0000 0.0000 0.0000 57.7445 0.0000 0.0000 0.0000 0.0000 84.0574 -16.4814 0.0000
0.2287 0.0000 0.0000 0.0000 0.0000 0.0000 0.0000 0.0000 0.0000 0.0000 0.0000 0.0000 0.0000 0.0000 0.0000 0.0000 0.0000 0.0000 0.0000 0.0000 0.0000 0.0247 0.0000 0.0000 0.0000 0.0000 0.0000 0.0000 0.0000
