# numpoly:1.0.6 names:q0,q1,q2,q3,q4 keys:;;;;;,;;;;<,;;;;=,;;;;>,;;;<;,;;;<<,;;;<=,;;;=;,;;;=<,;;<;;,;;<;<,;;<;=,;;<<;,;;<<<,;;<=;,;;=;;,;;=;<,;<;;;,;<;;<,;<;;=,;<;<;,;<<;;,;=;;;,<;;;;,<;;;<,<;;;=,<;;<;,<;;<<,<;;=;,<;<;;,<;<;<,<<;;;,<<;<;,=;;;;,=;;<;,=<;;; shape:9
# onwind solar H2 battery transmission offwind wind tsc gini
5194.1467 558.4380 -320.3424 236.9542 2434.8938 -716.7490 43.3222 -300.0987 55.9824 141.0388 -116.9802 0.0000 -3.5616 -210.7431 224.7538 -37.5790 0.0000 -1381.4986 48.8947 -27.4691 -2962.9028 253.9474 -2770.4938 -16567.0309 42.7561 -287.0932 -1403.5844 862.1108 0.0000 -70.0103 0.0000 16524.1058 3779.0466 8664.1370 -1720.4591 -9281.1784
228.1989 314.9882 289.4905 0.0000 -507.0627 250.7182 17.5654 489.0318 -482.5125 -764.4242 89.9773 -502.7386 -373.8799 431.3400 0.0000 1136.5478 -365.2106 417.6355 -45.0200 0.0000 29.1418 -490.9885 0.0000 1724.5636 -1679.4164 240.7131 75.4515 0.0000 8.9622 -1557.0601 1326.9175 94.7222 0.0000 81.9724 0.0000 0.0000
257.9958 8.9839 -110.8741 117.7585 -393.6428 432.7039 -230.4225 105.2440 -8.6049 -48.0533 0.0000 0.0000 68.5403 0.0000 0.0000 0.0000 0.0000 -41.4563 1.7968 0.0000 0.0000 0.0000 0.0000 94.7145 -54.9152 0.0000 -149.1177 0.0000 0.0000 0.0000 0.0000 88.9892 0.0000 -5.1250 0.0000 0.0000
364.3390 -1554.8042 2835.4876 -1798.3768 210.1671 -1203.1956 1336.0759 484.4617 -542.6352 22.4100 3.1237 0.0000 0.0000 0.0000 0.0000 1.9238 0.0000 41.5961 -245.8354 103.9657 0.0000 0.0000 39.1939 183.0086 -81.6983 0.0000 -135.8162 13.5525 0.0000 -103.0390 0.0000 -134.9294 0.0000 141.9424 0.0000 0.0000
364.7296 7.8572 29.1541 0.0000 88.3085 -86.1674 0.0000 12.7139 0.0000 25.6699 21.8975 0.0000 -23.8052 0.0000 0.0000 0.0000 0.0000 -15.6963 4.6830 0.0000 -78.5516 0.0000 0.0000 -94.1004 -7.9810 0.0000 108.8126 0.0000 0.0000 -14.7570 0.0000 166.7431 0.0000 -68.3627 0.0000 0.0000
192.6920 -196.1704 -10.0268 0.0000 -158.2591 278.5228 0.0000 -64.3464 0.0000 22.8480 49.3205 0.0000 -44.8550 0.0000 0.0000 -46.8457 0.0000 -1268.9743 0.0000 0.0000 -40.6368 0.0000 1713.6682 1184.1018 246.1740 0.0000 440.0951 -344.5403 0.0000 124.3165 0.0000 -2824.3013 0.0000 861.7044 0.0000 0.0000
1699.9842 290.1606 -390.3957 253.1321 984.0876 -306.7602 0.0000 -273.6672 210.9527 347.8849 -181.5752 0.0000 152.2491 -83.9203 0.0000 -149.5642 0.0000 559.4477 6.3971 0.0000 -472.8626 191.0954 -930.8769 -4499.1855 588.2859 -238.4675 -883.6950 14.6384 0.0000 0.0000 0.0000 3399.4083 715.2859 1842.6089 0.0000 -1860.9246
88.9160 8.9978 -11.4774 0.0000 33.3881 22.1807 0.0000 -12.1018 0.0000 27.1632 0.0000 0.0000 0.0000 0.0000 0.0000 0.0000 0.0000 -52.1759 0.0000 0.0000 0.0000 0.0000 0.0000 70.5182 0.0000 0.0000 0.0000 0.0000 0.0000 0.0000 0.0000 83.8933 0.0000 -25.7683 0.0000 0.0000
0.3914 -0.0364 0.0000 0.0000 0.0331 0.0000 0.0000 0.0000 0.0000 0.0279 0.0000 0.0000 0.0000 0.0000 0.0000 0.0000 0.0000 -0.0491 0.0000 0.0000 0.0000 0.0000 0.0000 0.1754 0.0000 0.0000 0.0000 0.0000 0.0000 0.0000 0.0000 0.0000 0.0000 0.0000 0.0000 0.0000
