# numpoly:1.0.6 names:q0,q1,q2,q3,q4 keys:;;;;;,;;;;<,;;;;=,;;;;>,;;;<;,;;;<<,;;;<=,;;;=;,;;;=<,;;;>;,;;<;;,;;<;<,;;<;=,;;<<;,;;<<<,;;=;;,;<;;;,;<;;<,;<;;=,;<;<;,;<<;;,;=;;;,<;;;;,<;;;<,<;;;=,<;;<;,<;<;;,<;<;<,<<;;;,<<;<;,=;;;;,=;;<; shape:9
# onwind solar H2 battery transmission offwind wind tsc gini
2022.1711 -272.8669 -523.7762 260.4816 -701.2310 742.6866 -9.5060 15.5639 -361.5591 0.0000 -249.2965 349.5708 0.0000 -151.7211 0.0000 0.0000 3199.4853 -341.6701 268.7363 -170.9971 665.2191 -4423.0686 -5782.3042 829.9884 -298.4186 1907.3583 3.6566 -580.5763 6577.9867 373.8595 -959.1137 -1454.0505
308.5089 181.6088 325.7258 -193.0771 9.5722 -409.8456 350.8068 201.8161 -183.5645 0.0000 -740.9331 218.8517 -375.8878 0.0000 0.0000 548.5542 -188.2562 75.1391 0.0000 -89.4247 0.0000 0.0000 922.3207 -1069.3837 284.3927 47.6439 -977.4160 614.4709 370.5532 0.0000 0.0000 0.0000
112.3262 263.3138 -228.1408 133.1798 -281.6908 -17.0586 -111.4429 193.2292 44.2324 -11.7518 -5.5468 -14.7281 0.0000 26.3504 0.0000 0.0000 16.8425 0.0000 0.0000 0.0000 0.0000 0.0000 89.8412 24.1038 0.0000 -134.1765 0.0000 0.0000 0.0000 0.0000 0.0000 0.0000
163.5679 -1097.5224 2560.5681 -1602.2952 851.8973 -1823.8136 1233.0708 -94.3696 -12.8704 0.0000 -218.1720 -24.7989 0.0000 -94.1389 58.1267 142.5534 -32.7214 -76.7339 0.0000 41.4704 96.2635 0.0000 -10.3797 0.0000 0.0000 73.8208 -64.8586 0.0000 0.0000 0.0000 0.0000 0.0000
344.3932 -33.7123 0.4704 0.0000 129.4002 -3.1779 -0.4749 -0.6218 29.6365 0.0000 -1.0661 -0.2483 0.0000 18.2990 0.0000 0.0000 120.5552 6.2106 0.0000 -209.8095 0.0000 0.0000 -192.3622 0.0000 0.0000 102.5520 7.1060 0.0000 153.7171 0.0000 -18.3997 0.0000
22.7474 22.4335 -3.0369 0.0000 1.6413 -102.1402 -6.4142 -52.0280 90.5075 0.0000 181.6612 18.7171 0.0000 14.9706 0.0000 -68.7938 -1542.0612 0.0000 0.0000 -28.4706 -203.2289 2506.9008 1668.5357 14.0819 0.0000 117.4715 156.2104 0.0000 -4125.7701 0.0000 1439.2556 0.0000
1346.8047 21.3648 -397.9559 261.5266 110.3265 540.6852 -127.6311 -127.2920 -101.7689 0.0000 256.4063 -34.9862 0.0000 -117.0888 0.0000 -102.8861 1297.9709 -38.8667 0.0000 91.2943 369.5937 -1774.9016 -2398.9140 190.3452 -88.3719 -64.2044 -78.4980 -96.2050 2615.7275 0.0000 -480.8233 -0.6437
84.9260 8.9159 -11.7909 0.0000 33.1378 21.8958 0.0000 -11.7122 0.0000 0.0000 22.6374 0.0000 0.0000 0.0000 0.0000 0.0000 -43.2295 0.0000 0.0000 0.0000 0.0000 0.0000 63.0714 0.0000 0.0000 0.0000 0.0000 0.0000 82.7756 0.0000 -22.1091 0.0000
0.2562 0.0000 0.0000 0.0000 0.0000 0.0000 0.0000 0.0000 0.0000 0.0000 0.0000 0.0000 0.0000 0.0000 0.0000 0.0000 0.0000 0.0000 0.0000 0.0000 0.0000 0.0000 0.0000 0.0000 0.0000 0.0000 0.0000 0.0000 0.0000 0.0000 0.0000 0.0000
