# numpoly:1.0.6 names:q0,q1,q2,q3,q4 keys:;;;;;,;;;;<,;;;;=,;;;;>,;;;<;,;;;<<,;;;<=,;;;=;,;;;>;,;;<;;,;;<;<,;;<;=,;;<<;,;;<=;,;;=;;,;;=;<,;<;;;,;<;;<,;<;;=,;<;<;,;<<;;,;<<;<,;=;;;,;=;;<,<;;;;,<;;;<,<;;;=,<;;<;,<;;<<,<;;=;,<;<;;,<<;;;,=;;;;,=;;;<,=;<;; shape:9
# onwind solar H2 battery transmission offwind wind tsc gini
1983.6448 -286.4924 -149.3628 -54.9498 1213.2651 -178.4864 106.7402 -1173.1341 303.8096 -655.0186 189.8293 -154.5509 -84.3568 0.0000 -347.5240 0.0000 1690.3717 1224.0803 -308.2963 201.2583 166.2320 0.0000 -3667.8194 -386.3547 -5860.6371 -428.5061 639.0386 -527.2926 0.0000 365.0114 3166.3305 6122.3176 -120.1539 -242.5437 -1896.0063
-74.8140 370.4229 -167.9412 12.7155 -1188.3405 13.5353 0.0000 906.0563 0.0000 -840.5023 -449.4719 0.0000 418.1313 64.9011 1189.2414 386.1856 796.9700 -358.2577 342.1361 -350.9328 106.4475 -122.2746 -449.5438 0.0000 2342.6297 221.0509 -217.5371 1266.9546 0.0000 -1066.6043 -3344.4104 579.5433 -667.5092 0.0000 795.1271
101.8518 262.5169 -267.3412 95.2957 -456.6574 29.4168 0.0000 447.7463 -99.0859 -18.2367 -6.0318 0.0000 48.3968 0.0000 0.0000 0.0000 41.1621 18.0236 0.0000 -86.8442 -17.1284 0.0000 0.0000 0.0000 55.6023 8.6827 0.0000 -135.2262 0.0000 0.0000 0.0000 38.1288 0.0000 0.0000 0.0000
1050.1056 -5618.1425 9219.8155 -4643.4214 1305.0390 -2463.3773 1356.1562 -2.1045 0.0000 107.6996 -144.2964 116.3681 0.0000 0.0000 0.0000 0.0000 115.1644 -145.4565 0.0000 -50.2182 38.1496 0.0000 -15.8258 0.0000 852.7736 -1453.8023 674.7739 -8.2087 13.2398 0.0000 -181.7053 69.6202 0.0000 0.0000 0.0000
342.5802 294.0597 -330.4659 157.6544 161.8165 40.6741 -34.9619 -67.7462 0.0000 -28.6621 -8.8712 0.0000 -91.1024 0.0000 0.0000 0.0000 -80.6900 -12.7520 0.0000 -117.6608 88.8333 0.0000 0.0000 0.0000 137.2941 21.7295 0.0000 184.9329 0.0000 0.0000 55.4248 203.5187 -307.6153 0.0000 0.0000
181.3688 113.2289 -122.3266 50.0820 -56.0365 31.8517 -3.7150 0.0000 0.0000 -52.3801 -15.7372 0.0000 -101.0271 0.0000 0.0000 0.0000 -1327.4297 -95.0512 16.0923 54.3046 0.0000 0.0000 2310.0682 0.0000 1141.2927 89.3715 -22.2124 91.0052 0.0000 0.0000 201.1518 -3807.4303 1378.2768 0.0000 0.0000
794.3028 356.5572 -316.1714 0.0000 1195.2696 -14.8340 0.0000 -1266.4550 336.9248 758.9411 -25.1150 0.0000 -191.4484 0.0000 -371.3579 0.0000 704.4972 84.1138 0.0000 285.8445 60.5995 0.0000 -1396.9606 0.0000 -1965.2781 -346.4679 285.8228 -471.5237 0.0000 372.1115 249.4484 2193.2257 -403.2862 0.0000 0.0000
89.5554 6.3908 -9.2194 0.0000 38.2642 22.4626 0.0000 -15.2305 0.0000 27.7828 0.0000 0.0000 0.0000 0.0000 0.0000 0.0000 -48.9711 0.0000 0.0000 0.0000 0.0000 0.0000 0.0000 0.0000 67.5169 0.0000 0.0000 0.0000 0.0000 0.0000 0.0000 80.9920 -21.2953 0.0000 0.0000
0.5807 -0.0292 0.0000 0.0000 0.0229 0.0000 0.0000 0.0000 0.0000 0.0363 0.0000 0.0000 0.0000 0.0000 0.0000 0.0000 0.0257 0.0000 0.0000 0.0000 0.0000 0.0000 0.0000 0.0000 0.0045 0.0000 0.0000 0.0000 0.0000 0.0000 0.0000 0.0000 0.0000 0.0000 0.0000
