# numpoly:1.0.6 names:q0,q1,q2,q3,q4 keys:;;;;;,;;;;<,;;;;=,;;;;>,;;;<;,;;;<<,;;;<=,;;;=;,;;;=<,;;<;;,;;<;<,;;<;=,;;<<;,;;<<<,;;=;;,;;=;<,;<;;;,;<;;<,;<;<;,;<;<<,;<<;;,;=;;;,<;;;;,<;;;<,<;;;=,<;;<;,<;;<<,<;<;;,<;<;<,<;<<;,<<;;;,<<;;<,=;;;;,=;;<; shape:9
# onwind solar H2 battery transmission offwind wind tsc gini
2584.1929 -1128.7041 -377.7141 382.9784 486.8588 -525.9637 0.0000 -429.9023 561.6973 -1179.7888 1121.2734 0.0000 278.2107 -260.9660 -37.9873 0.0000 1971.5340 94.4509 76.0199 -122.6127 443.7353 -3384.0623 -5161.1044 2455.0192 -591.5794 -240.8480 166.2662 1203.4654 -1587.9245 0.0000 5623.7746 0.0000 -1483.2935 -80.5504
375.7181 670.7576 602.2727 -228.6599 -1454.0369 794.1944 208.6118 530.3274 -685.1647 -1164.7046 347.0013 -899.9303 404.6855 244.1454 1760.4968 -946.1864 74.9405 -8.7430 -59.9276 0.0000 -350.4662 0.0000 2196.7950 -3806.2107 761.4749 1532.6347 -507.8164 -2761.7445 3249.0782 -1028.3133 513.5194 -25.5517 114.1520 0.0000
143.2685 138.3190 -132.0628 93.0537 -309.4959 164.8500 -149.9759 149.1964 0.0000 -8.0051 0.0000 0.0000 27.1938 0.0000 0.0000 0.0000 31.0728 0.0000 0.0000 0.0000 0.0000 0.0000 104.1981 -59.8431 0.0000 -154.6973 83.7553 0.0000 0.0000 0.0000 0.0000 0.0000 0.0000 0.0000
33.0952 -421.4032 1712.5391 -1397.8541 473.3891 -1372.1122 1069.3374 188.1830 -207.0331 18.2218 119.8658 0.0000 -22.7429 0.0000 9.9110 0.0000 -21.2765 -77.2071 0.0000 0.0000 0.0000 24.4699 364.4372 -1174.8669 769.8150 0.0000 0.0000 -191.1770 0.0000 0.0000 -39.6189 0.0000 156.6834 0.0000
412.6412 19.9085 15.9069 0.0000 95.8312 -79.0838 0.0000 21.3714 0.0000 -2.2820 27.0289 0.0000 -11.2416 0.0000 0.0000 0.0000 -1.6869 34.3055 -145.2386 0.0000 0.0000 0.0000 -61.3509 -57.6637 0.0000 149.2371 0.0000 0.0000 0.0000 0.0000 183.6929 0.0000 -89.2394 0.0000
-221.3425 47.2072 4.8696 0.0000 26.8491 -8.2338 0.0000 -45.8972 0.0000 184.0951 29.3768 0.0000 0.0000 0.0000 -88.3369 0.0000 -1095.2453 0.0000 32.1792 0.0000 -18.1388 1997.9807 1547.7407 -45.6619 0.0000 63.8086 0.0000 48.6259 0.0000 0.0000 -3590.7534 0.0000 1231.4067 0.0000
2086.9704 -701.5409 -326.6477 351.0494 583.4944 -565.8999 0.0000 -443.2789 498.8920 -460.4968 625.9762 0.0000 156.5738 -85.7705 -225.4033 0.0000 816.9530 4.6180 41.3757 0.0000 309.6280 -1229.9599 -3434.3606 2087.2357 -575.1794 -190.0933 0.0000 1027.7125 -1100.3653 0.0000 1947.4021 0.0000 -241.1204 0.0000
90.9874 8.2908 -10.9272 0.0000 31.2202 21.8185 0.0000 -10.9921 0.0000 26.3689 0.0000 0.0000 0.0000 0.0000 0.0000 0.0000 -51.2888 0.0000 0.0000 0.0000 0.0000 0.0000 59.0221 0.0000 0.0000 0.0000 0.0000 0.0000 0.0000 0.0000 82.3165 0.0000 -19.7649 0.0000
0.5288 -0.0287 0.0000 0.0000 0.0371 0.0000 0.0000 0.0000 0.0000 0.0208 0.0000 0.0000 0.0000 0.0000 0.0000 0.0000 -0.0288 0.0000 0.0000 0.0000 0.0000 0.0000 0.0661 0.0000 0.0000 0.0000 0.0000 0.0000 0.0000 0.0000 0.0000 0.0000 0.0000 0.0000
