# numpoly:1.0.6 names:q0,q1,q2,q3,q4 keys:;;;;;,;;;;<,;;;;=,;;;;>,;;;<;,;;;<<,;;;<=,;;;=;,;;;=<,;;<;;,;;<;<,;;<;=,;;<<;,;;<<<,;;=;;,;<;;;,;<;;<,;<;;=,;<;<;,;<;<<,;<<;;,;=;;;,<;;;;,<;;;<,<;;;=,<;;<;,<;;<<,<;<;;,<<;;;,=;;;; shape:9
# onwind solar H2 battery transmission offwind wind tsc gini
898.3990 -71.9997 -357.5762 133.0232 -210.8336 346.5879 0.0000 -201.7136 157.1818 499.6425 -510.2809 155.8089 150.1991 92.4893 -305.6474 3279.5929 139.7992 -106.1710 323.1148 0.0000 433.8043 -3756.6460 -4487.8867 858.9170 9.4954 72.2910 -792.1189 -36.8354 5261.6373 -1356.5510
693.9669 -380.8611 324.9418 0.0000 596.3145 -539.0931 0.0000 -2.8579 0.0000 -2597.3358 1102.9293 0.0000 -35.1689 -508.7898 1737.0955 864.6088 -114.8144 -13.6008 -155.7501 184.2959 -816.5333 -420.5315 1259.6256 -1030.8401 0.0000 -313.9724 734.6036 -1142.2110 1251.8865 -234.4788
173.8140 129.2918 -102.3756 81.4256 -406.6134 277.0653 -172.9312 198.2739 -75.4867 18.8162 -23.0562 0.0000 4.2124 0.0000 0.0000 55.2406 -44.4702 0.0000 -38.5886 62.2396 0.0000 0.0000 36.2110 0.0000 0.0000 -91.8462 0.0000 0.0000 18.2159 0.0000
52.1629 -1255.4650 2336.1766 -1277.6204 689.9833 -1304.0311 866.4116 51.1319 -82.4708 -187.6886 211.9086 0.0000 -48.1214 0.0000 90.6793 126.9954 -169.0700 0.0000 -10.7192 0.0000 0.0000 0.0000 285.4814 -153.8076 0.0000 0.0000 0.0000 -163.4383 0.0000 0.0000
103.2444 56.5308 -57.3262 0.0000 237.5119 -202.9324 53.1240 -44.4907 94.3068 53.2310 -48.1646 0.0000 3.0645 0.0000 -10.1599 385.2278 72.2942 0.0000 -299.8462 0.0000 0.0000 0.0000 -133.9004 37.8769 0.0000 229.3865 0.0000 41.9720 -128.5397 0.0000
215.2714 123.8015 -82.8738 0.0000 -34.0455 46.7022 0.0000 5.7593 0.0000 27.9197 0.0000 0.0000 -30.9147 0.0000 0.0000 -1993.2878 -120.5657 73.5741 -106.5175 0.0000 -96.1761 2484.7386 2020.7774 33.8446 -45.2657 202.4071 0.0000 167.0444 -3861.3742 1195.7259
956.3002 72.1952 -247.3285 67.2890 -76.4027 165.5066 0.0000 -170.6238 123.7896 776.8985 -380.6941 0.0000 45.9667 171.8936 -373.0082 1186.3516 -2.1827 0.0000 181.5844 0.0000 242.5832 -1097.4243 -2329.1359 662.1483 0.0000 141.7118 -545.5380 70.7350 1280.9754 -82.7560
78.1534 5.7379 -9.0963 0.0000 34.6098 21.2513 0.0000 -12.3519 0.0000 21.9691 0.0000 0.0000 0.0000 0.0000 0.0000 -30.2434 0.0000 0.0000 0.0000 0.0000 0.0000 0.0000 69.2689 0.0000 0.0000 0.0000 0.0000 0.0000 65.5753 -16.7140
0.1904 -0.0092 0.0000 0.0000 0.0000 0.0000 0.0000 0.0000 0.0000 0.0000 0.0000 0.0000 0.0000 0.0000 0.0000 0.0000 0.0000 0.0000 0.0000 0.0000 0.0000 0.0000 0.0000 0.0000 0.0000 0.0000 0.0000 0.0000 0.0000 0.0000
