# numpoly:1.0.6 names:q0,q1,q2,q3,q4 keys:;;;;;,;;;;<,;;;;=,;;;;>,;;;<;,;;;<<,;;;<=,;;;=;,;;;=<,;;;>;,;;<;;,;;<;<,;;<;=,;;<<;,;;<<<,;;<=;,;;=;;,;<;;;,;<;;<,;<;;=,;<;<;,;<;<<,;<<;;,;=;;;,<;;;;,<;;;<,<;;<;,<;;<<,<;<;;,<;<;<,<<;;;,<<;<;,<=;;;,=;;;;,=<;;; shape:9
# onwind solar H2 battery transmission offwind wind tsc gini
4081.5026 96.6577 -20.0066 -76.5689 115.0839 -283.5076 236.0768 -102.0178 0.0000 0.0000 561.6420 -237.2138 -9.4529 44.5426 0.0000 0.0000 -199.7318 14580.1348 312.1039 -67.8469 -6.7960 0.0000 513.0324 -19031.0614 -30267.9060 56.6860 229.7057 -61.6014 -429.8765 0.0000 9137.0142 -112.8200 23130.2869 28888.5500 -30837.6441
1153.0662 -1145.1765 590.4474 32.1056 449.7816 44.8486 -365.4460 13.1275 0.0000 -45.7734 -2105.5687 1408.3283 0.0000 70.8630 -697.3953 48.8707 1013.6203 1234.6822 -637.8371 -87.2431 -686.5105 864.6619 -1116.7283 413.8683 -395.6132 155.2055 44.2493 160.1058 554.7637 -558.6437 0.0000 0.0000 0.0000 93.6666 0.0000
263.1536 31.5277 -83.1092 43.1668 -590.8559 427.0724 -73.7468 331.5166 -214.7363 0.0000 -21.7268 0.0000 0.0000 1.8442 0.0000 0.0000 0.0000 19.9968 28.9837 0.0000 -68.9009 0.0000 0.0000 0.0000 78.8188 -76.2290 -2.0957 0.0000 0.0000 0.0000 0.0000 0.0000 0.0000 0.0000 0.0000
416.8532 -1414.3946 2550.0725 -1356.8387 456.0551 -1317.7271 813.3225 275.1495 0.0000 -129.7175 -184.3019 144.9263 0.0000 -19.5491 0.0000 0.0000 28.7502 -63.4309 -278.9369 0.0000 0.0000 0.0000 0.0000 229.7121 -67.0243 0.2688 -27.0360 0.0000 0.0000 0.0000 -109.6714 0.0000 0.0000 108.7662 0.0000
231.2218 195.8757 -200.6344 72.5414 349.7442 -282.1987 0.0000 -108.0996 175.2128 0.0000 63.4993 -43.7115 0.0000 20.2252 0.0000 0.0000 0.0000 171.2142 27.5583 0.0000 -121.3185 0.0000 0.0000 159.8314 44.8339 101.3462 0.0000 0.0000 0.0000 0.0000 -379.4232 0.0000 0.0000 113.7138 0.0000
-1885.0155 466.0078 -549.0922 117.1773 6.9771 187.3895 0.0000 -305.3297 82.3515 121.1916 202.0380 -394.8846 345.2344 -70.6237 0.0000 0.0000 -68.2356 -4763.7334 125.8628 0.0000 371.1214 -298.7960 0.0000 6325.8490 12678.2750 24.8129 -10.4051 0.0000 114.2583 0.0000 -5576.1558 0.0000 -7575.8670 -10743.2515 11495.1573
1072.6421 -172.0786 65.4554 0.0000 -16.8981 19.7854 96.7794 -165.9778 70.7435 0.0000 248.1467 181.7194 -309.8410 123.0227 0.0000 0.0000 -1.7665 197.5055 111.2773 0.0000 -27.2832 0.0000 0.0000 744.0382 -2188.6229 293.2311 265.4950 -311.0423 -163.6071 0.0000 -615.0316 0.0000 0.0000 1998.1130 -891.7773
97.7185 6.9926 -10.4057 0.0000 32.0750 23.5449 0.0000 -11.2902 0.0000 0.0000 27.5974 0.0000 0.0000 0.0000 0.0000 0.0000 0.0000 -54.1627 0.0000 0.0000 0.0000 0.0000 0.0000 0.0000 58.6192 0.0000 0.0000 0.0000 0.0000 0.0000 86.8578 0.0000 0.0000 -18.9774 0.0000
0.6281 -0.0214 0.0000 0.0000 0.0128 0.0000 0.0000 0.0000 0.0000 0.0000 0.0588 0.0000 0.0000 0.0000 0.0000 0.0000 0.0000 -0.0328 0.0000 0.0000 0.0000 0.0000 0.0000 0.0000 -0.0289 0.0000 0.0000 0.0000 0.0000 0.0000 0.0000 0.0000 0.0000 0.0000 0.0000
