# numpoly:1.0.6 names:q0,q1,q2,q3,q4 keys:;;;;;,;;;;<,;;;;=,;;;;>,;;;<;,;;;<<,;;;<=,;;;=;,;;;=<,;;<;;,;;<;<,;;<;=,;;<<;,;;=;;,;<;;;,;<;;<,;<;;=,;<;<;,;<<;;,;=;;;,<;;;;,<;;;<,<;;;=,<;;<;,<;<;;,<<;;;,<<;<;,=;;;;,=;;<; shape:9
# onwind solar H2 battery transmission offwind wind tsc gini
1944.2377 -989.1926 763.6088 0.0000 -412.4344 454.2669 0.0000 -79.5575 -171.5646 -389.2447 273.7957 -270.6820 -133.8735 202.3659 4397.0875 0.0000 0.0000 -1346.9921 790.9151 -4608.9494 -6345.3050 720.6282 -721.2085 2772.8725 -552.4351 5387.1412 1721.0279 178.6048 -2638.9513
444.4360 -138.4489 170.7758 -116.4809 15.6704 -326.9182 299.5820 190.9856 -172.1883 -701.4761 401.6708 -200.8494 41.5280 271.0369 -159.9051 76.7416 0.0000 -130.9108 0.0000 0.0000 320.2799 -260.1292 117.1898 18.1915 -295.6861 371.1213 0.0000 -58.1366 0.0000
60.0909 315.3561 -220.3275 135.0871 -129.1867 -199.8225 -113.4950 103.9034 156.2636 15.3410 -13.2206 0.0000 4.2676 0.0000 -7.7933 5.6739 0.0000 13.2282 0.0000 0.0000 102.9072 22.5453 0.0000 -149.5613 0.0000 0.0000 0.0000 0.0000 0.0000
133.1453 -1138.3878 2587.8096 -1675.2796 585.6657 -1462.8579 1216.0176 18.5971 -187.1086 -0.1692 -143.8658 101.4502 0.0000 0.0000 106.7216 -273.3346 79.7985 34.1498 57.1581 0.0000 -106.1404 107.7062 -24.5865 59.0814 -9.2700 0.0000 0.0000 0.0000 0.0000
330.2057 -94.9603 38.2889 0.0000 92.6745 89.9070 -53.5884 26.6621 0.0000 4.9837 23.0477 0.0000 0.0000 0.0000 151.2545 -2.5412 0.0000 -183.2308 0.0000 0.0000 -150.4971 0.0000 0.0000 86.1902 0.0000 95.1494 0.0000 0.0000 0.0000
96.8496 193.2248 -268.7012 76.0738 -129.7381 118.6382 -73.9306 -4.2506 0.0000 359.7430 0.0000 0.0000 19.4714 -162.1610 -1862.1969 -0.8110 0.0000 -23.4712 -309.0570 2678.3389 1696.9485 -193.4427 198.7487 141.5949 257.5310 -4013.8342 0.0000 1339.6402 0.0000
1548.2893 -6.2118 -120.5424 94.0107 38.0461 276.1385 -23.3194 -194.5191 0.0000 151.3260 -60.1467 0.0000 -97.4062 0.0000 1437.7161 0.0000 0.0000 41.9632 412.2901 -1794.7090 -2846.9632 85.5756 -142.4653 403.0487 -261.2813 2498.7966 0.0000 -95.4072 -241.3465
82.9307 7.9534 -10.5391 0.0000 31.6338 21.2268 0.0000 -10.3679 0.0000 22.3660 0.0000 0.0000 0.0000 0.0000 -36.8854 0.0000 0.0000 0.0000 0.0000 0.0000 67.3040 0.0000 0.0000 0.0000 0.0000 75.3352 0.0000 -20.4226 0.0000
0.2691 0.0000 0.0000 0.0000 0.0000 0.0000 0.0000 0.0000 0.0000 0.0000 0.0000 0.0000 0.0000 0.0000 0.0000 0.0000 0.0000 0.0000 0.0000 0.0000 0.0000 0.0000 0.0000 0.0000 0.0000 0.0000 0.0000 0.0000 0.0000
