# numpoly:1.0.6 names:q0,q1,q2,q3,q4 keys:;;;;;,;;;;<,;;;;=,;;;;>,;;;<;,;;;<<,;;;<=,;;;=;,;;;=<,;;;>;,;;<;;,;;<;<,;;<;=,;;<<;,;;<<<,;;=;;,;;=;<,;;=<;,;<;;;,;<;;<,;<;;=,;<;<;,;<<;;,;<<;<,;=;;;,<;;;;,<;;;<,<;;;=,<;;<;,<;;<<,<;;=;,<;<;;,<;<;<,<;<<;,<<;;;,<<;;<,=;;;;,=;;;< shape:9
# onwind solar H2 battery transmission offwind wind tsc gini
-456.2766 1297.0910 -462.8596 490.0682 2167.2498 301.3962 -363.8434 -1631.2901 0.0000 129.3724 383.0927 829.8484 0.0000 -659.5103 65.9217 -270.4484 -494.7598 272.6220 3563.1558 -1377.0135 0.0000 -58.0172 335.0445 -333.5641 -4772.0315 -1645.5599 -1965.4029 -295.2280 -2068.1494 0.0000 1699.7639 130.1362 335.9462 0.0000 7012.5479 2386.4152 -3418.7245 -211.3563
575.1015 -1333.9377 41.6296 138.6571 665.2159 226.9966 -255.6988 14.3084 39.8882 0.0000 -1569.1787 636.3036 346.3017 -356.2205 0.0000 1390.9500 0.0000 0.0000 144.4116 1047.1334 -779.8984 0.0000 -552.8765 0.0000 0.0000 1499.1344 226.8711 290.8441 -803.3511 0.0000 0.0000 -1216.2753 -992.9160 569.5394 118.7467 0.0000 118.8064 181.1099
19.2845 303.3916 -179.1497 -1.2504 -115.8355 -234.5612 168.8130 77.2289 0.0000 0.0000 10.9709 -11.6349 0.0000 5.0816 0.0000 0.0000 0.0000 0.0000 1.4530 38.0459 0.0000 -13.1310 0.0000 0.0000 0.0000 -20.7918 0.0000 0.0000 0.0000 0.0000 0.0000 0.0000 0.0000 0.0000 0.0000 0.0000 0.0000 0.0000
50.7589 -1608.0814 2231.4119 -651.8082 1447.1125 -855.9736 -875.6358 -1015.9258 1252.9779 0.0000 -46.4598 -301.5120 318.5216 164.9029 -141.6249 0.0000 0.0000 0.0000 239.4867 35.3414 0.0000 20.1955 16.8203 0.0000 -169.5698 320.0558 -381.3762 68.3551 -61.3090 98.8855 0.0000 -44.5786 0.0000 0.0000 66.6425 0.0000 0.0000 0.0000
242.4526 -81.0420 36.5483 0.0000 49.7790 261.2810 -129.9613 -67.1468 0.0000 0.0000 135.6066 0.0000 0.0000 -68.3614 0.0000 -21.1532 0.0000 0.0000 115.2472 -90.0636 0.0000 94.8764 0.0000 0.0000 0.0000 59.7628 55.9597 0.0000 -36.2829 0.0000 0.0000 0.0000 0.0000 0.0000 -83.0890 0.0000 0.0000 0.0000
195.2599 -255.4182 261.5431 -213.8737 106.1535 -321.7737 331.4161 39.1951 -59.8608 0.0000 -6.0851 28.7899 0.0000 20.9041 -33.7162 0.0000 0.0000 0.0000 -1460.1075 93.8872 0.0000 0.0000 0.0000 0.0000 2680.1122 1181.9348 555.4929 0.0000 22.6875 0.0000 -47.2708 0.0000 0.0000 0.0000 -4629.2322 -474.1344 2105.9526 0.0000
994.7755 24.3106 22.6662 175.3502 814.5953 -118.5957 0.0000 -541.3795 0.0000 0.0000 526.8898 60.0412 -8.1387 -186.4096 0.0000 -382.5122 0.0000 0.0000 1039.9936 13.9221 0.0000 -66.6956 132.3574 0.0000 -1869.4540 -1967.4443 261.8804 -366.5104 -663.8599 0.0000 681.8157 380.5221 0.0000 0.0000 3420.0109 0.0000 -1366.8959 0.0000
87.1430 7.7930 -10.9534 0.0000 32.7750 22.6093 0.0000 -11.4272 0.0000 0.0000 22.5670 0.0000 0.0000 0.0000 0.0000 0.0000 0.0000 0.0000 -35.0876 0.0000 0.0000 0.0000 0.0000 0.0000 0.0000 60.2944 0.0000 0.0000 0.0000 0.0000 0.0000 0.0000 0.0000 0.0000 73.3616 0.0000 -13.9465 0.0000
0.2644 0.0000 0.0000 0.0000 0.0000 0.0000 0.0000 0.0000 0.0000 0.0000 0.0000 0.0000 0.0000 0.0000 0.0000 0.0000 0.0000 0.0000 0.0000 0.0000 0.0000 0.0000 0.0000 0.0000 0.0000 0.0000 0.0000 0.0000 0.0000 0.0000 0.0000 0.0000 0.0000 0.0000 0.0000 0.0000 0.0000 0.0000
