# numpoly:1.0.6 names:q0,q1,q2,q3,q4 keys:;;;;;,;;;;<,;;;;=,;;;;>,;;;<;,;;;<<,;;;<=,;;;=;,;;;=<,;;<;;,;;<;<,;;<;=,;;<<;,;;=;;,;;=;<,;<;;;,;<;;<,;<;;=,;<;<;,;<<;;,;=;;;,<;;;;,<;;;<,<;;;=,<;;<;,<;;<<,<;<;;,<;<;<,<<;;;,<<;;<,=;;;; shape:9
# onwind solar H2 battery transmission offwind wind tsc gini
2444.6096 -623.0059 194.6606 -131.1144 80.5470 160.3220 0.0000 -130.7794 -12.4973 -1225.7169 2355.4151 -709.2463 0.0000 347.0199 -953.6307 998.0018 -57.2590 -215.6843 603.9101 619.0388 -4741.4538 -3480.9166 -1214.2028 949.6572 -642.1118 0.0000 0.0000 0.0000 8674.3384 324.6018 -2695.6097
544.8639 -37.7541 86.4316 -83.0828 -121.2804 -460.4312 413.2686 307.4326 -271.9664 -1025.0896 227.7625 0.0000 -231.4407 1148.5997 0.0000 -67.7654 68.2023 0.0000 105.4563 -159.8765 -184.5761 1040.3780 -478.5550 0.0000 179.6371 0.0000 -1535.4433 277.3462 778.9201 0.0000 -56.8948
269.4851 128.5490 -125.8482 79.7935 -350.5737 201.5795 -162.5641 151.9716 0.0000 -9.2236 -41.9684 0.0000 33.9788 0.0000 0.0000 -80.5108 26.1407 0.0000 -9.2019 0.0000 -31.7055 -118.6520 19.7544 0.0000 -65.0008 0.0000 0.0000 0.0000 206.0744 0.0000 -23.9476
64.6418 -647.3682 1511.2164 -962.1097 699.7812 -1660.4631 1045.5539 17.2826 -27.8751 -112.4367 123.0909 0.0000 -106.7491 68.1236 0.0000 19.4340 -74.5346 0.0000 75.0052 17.5501 6.3330 132.6078 -54.4945 0.0000 51.9076 0.0000 -102.2558 0.0000 -48.3552 0.0000 1.7307
433.4161 44.3206 -42.8094 0.0000 158.5292 -57.6789 44.3402 0.0000 0.0000 80.0557 -33.6350 0.0000 15.8360 -15.0973 0.0000 4.5484 41.5157 0.0000 -125.0675 0.0000 0.0000 153.2293 0.0000 0.0000 26.9188 0.0000 0.0000 0.0000 137.8625 0.0000 -150.8436
-438.2665 89.9858 -98.9752 108.6420 153.0707 -148.1006 0.0000 -71.6388 115.5464 159.2681 -127.2647 102.6328 23.0045 0.0000 0.0000 -712.9308 -39.5205 31.8714 -313.9258 -204.8836 2830.9048 1581.6970 305.7766 -297.5321 278.2290 0.0000 153.5114 0.0000 -5211.2636 0.0000 1779.3213
1704.0655 46.6894 -86.1334 0.0000 77.0176 255.5676 -48.0140 -136.3134 0.0000 256.8188 189.9316 -255.2610 37.3673 -316.8108 0.0000 75.3404 -56.1063 0.0000 261.8038 326.5387 -1729.2996 -2237.3025 -207.2573 318.6858 -300.6920 -43.6995 130.9181 0.0000 3529.7757 0.0000 -825.5084
88.0633 9.0031 -10.4196 0.0000 31.8955 19.9366 0.0000 -10.6831 0.0000 26.4827 0.0000 0.0000 0.0000 0.0000 0.0000 -50.8830 0.0000 0.0000 0.0000 0.0000 0.0000 64.0833 0.0000 0.0000 0.0000 0.0000 0.0000 0.0000 82.2644 0.0000 -22.8601
0.6009 -0.0047 0.0000 0.0000 0.0417 0.0000 0.0000 0.0000 0.0000 0.0077 0.0000 0.0000 0.0000 0.0000 0.0000 -0.0212 0.0000 0.0000 0.0000 0.0000 0.0000 0.0336 0.0000 0.0000 0.0000 0.0000 0.0000 0.0000 0.0000 0.0000 0.0000
