# numpoly:1.0.6 names:q0,q1,q2,q3,q4 keys:;;;;;,;;;;<,;;;;=,;;;;>,;;;<;,;;;<<,;;;<=,;;;=;,;;;=<,;;;>;,;;<;;,;;<;<,;;<;=,;;<<;,;;<<<,;;<=;,;;=;;,;<;;;,;<;;<,;<;;=,;<;<;,;<;<<,;<<;;,;=;;;,<;;;;,<;;;<,<;;;=,<;;<;,<;;<<,<;<;;,<<;;;,<<;<;,<=;;;,=;;;;,=;;<; shape:9
# onwind solar H2 battery transmission offwind wind tsc gini
5877.0282 -531.8678 183.6004 0.0000 733.6047 524.5422 -4.1138 18.2047 -190.2154 -22.0189 409.2362 48.5591 -198.7890 -226.5142 193.6352 0.0000 -350.9712 -7471.0275 -542.0995 -62.5171 -1681.3601 671.6200 408.1896 1169.4467 -10419.0398 1008.9951 0.0000 -133.9512 -1083.1362 152.0628 21789.2499 2334.8141 -8205.2047 -2455.8704 -1036.8414
467.6564 -532.4005 551.6698 -282.7091 699.2942 -131.1313 230.4601 -369.8333 -128.0420 0.0000 -1042.6785 856.9050 0.0000 -882.1777 -684.9806 743.9135 1231.9020 -245.7500 0.0000 0.0000 82.8059 0.0000 0.0000 -363.7723 1048.2878 -429.9930 0.0000 -75.7904 200.4132 -1946.6965 1178.0372 0.0000 0.0000 126.2672 0.0000
206.0237 231.3430 -103.2810 32.4071 -342.2142 -86.8372 -83.9325 188.9462 82.4484 -1.1575 -5.9769 -59.5600 0.0000 43.3112 0.0000 0.0000 0.0000 -76.0465 59.0697 0.0000 -11.4866 0.0000 0.0000 0.0000 -32.5922 49.3070 0.0000 -116.0474 0.0000 14.3212 138.9267 0.0000 0.0000 -27.7997 0.0000
-39.9269 -440.6414 1247.5648 -863.6292 914.7539 -1680.6120 1085.4140 -80.3267 -33.2693 0.0000 -6.7473 116.8443 0.0000 -123.2843 0.0000 0.0000 0.0000 14.4963 -75.3877 0.0000 58.0552 0.0000 0.0000 0.0000 -58.5616 -150.2047 80.7148 83.8955 0.0000 -16.4834 0.0000 0.0000 0.0000 42.8564 0.0000
537.3870 -7.8175 0.0000 0.0000 163.0846 1.5557 0.0000 -4.4160 0.0000 0.0000 59.1375 -9.5862 0.0000 0.0000 0.0000 0.0000 0.0000 -60.8076 -1.5032 0.0000 -96.5476 0.0000 0.0000 0.0000 139.3729 17.9768 0.0000 0.0000 0.0000 0.0000 280.2440 0.0000 0.0000 -187.4341 0.0000
-63.4823 47.9984 -36.4855 13.4647 164.2741 43.0685 0.0000 -113.7213 0.0000 40.5475 -22.8105 0.0000 0.0000 94.2108 0.0000 0.0000 -0.0914 -1694.0231 24.5587 0.0000 -404.5916 0.0000 -153.0175 3377.4020 1998.3327 -132.7732 0.0000 252.6647 77.9025 169.4509 -5405.0400 0.0000 0.0000 1803.0355 0.0000
1370.4290 -344.8747 40.1380 34.8549 -4.5704 508.6647 -107.0600 -187.8226 0.0000 0.0000 591.3967 -113.8187 -98.7955 -132.9546 214.4429 0.0000 -426.3228 1044.3690 -94.4737 0.0000 258.4843 0.0000 179.1110 -2224.2140 -2462.6289 473.3179 0.0000 67.5615 -438.2029 364.6570 3738.7015 0.0000 0.0000 -1252.3981 0.0000
91.1767 6.8901 -10.4967 0.0000 36.8239 23.2748 0.0000 -13.5106 0.0000 0.0000 23.8104 0.0000 0.0000 0.0000 0.0000 0.0000 0.0000 -46.4537 0.0000 0.0000 0.0000 0.0000 0.0000 0.0000 68.7896 0.0000 0.0000 0.0000 0.0000 0.0000 88.4872 0.0000 0.0000 -24.4112 0.0000
0.3430 -0.0167 0.0000 0.0000 0.0000 0.0000 0.0000 0.0000 0.0000 0.0000 0.0000 0.0000 0.0000 0.0000 0.0000 0.0000 0.0000 0.0000 0.0000 0.0000 0.0000 0.0000 0.0000 0.0000 0.0000 0.0000 0.0000 0.0000 0.0000 0.0000 0.0000 0.0000 0.0000 0.0000 0.0000
