# numpoly:1.0.6 names:q0,q1,q2,q3,q4 keys:;;;;;,;;;;<,;;;;=,;;;;>,;;;<;,;;;<<,;;;<=,;;;=;,;;;=<,;;<;;,;;<;<,;;<;=,;;<<;,;;<<<,;;<=;,;;=;;,;;=;<,;;=<;,;<;;;,;<;;<,;<;;=,;<;<;,;<;<<,;<<;;,;=;;;,<;;;;,<;;;<,<;;;=,<;;<;,<;;<<,<;<;;,<;<<;,<<;;;,<<;;<,=;;;;,=;;;< shape:9
# onwind solar H2 battery transmission offwind wind tsc gini
-55.6830 1056.9875 -371.8546 493.1876 1917.9026 -983.9607 -650.7588 -1129.4217 860.6600 1119.4054 -142.1323 0.0000 -1615.0153 0.0000 699.5565 -382.9547 -21.6771 304.4989 4175.1050 -1151.9455 -87.2856 -626.7747 809.0540 168.0541 -4834.5896 -4376.2345 573.7261 -364.8019 265.3890 0.0000 72.4147 0.0000 7055.4871 1013.9800 -2275.3570 -598.5195
144.8531 174.9753 269.1853 -316.0172 1119.0264 -1077.7630 -40.2758 -227.0710 389.6417 -906.6139 -109.7754 -433.0643 -1071.2364 1638.5792 0.0000 1128.6155 0.0000 0.0000 150.8210 643.3327 -450.8512 35.1494 0.0000 -654.5157 0.0000 1363.8329 -1608.9521 1389.8480 299.2877 -861.2425 -898.1257 55.4541 333.1941 0.0000 -73.4339 165.6262
-29.0125 230.0310 9.5497 -69.9761 -18.6715 -357.3788 195.1430 65.5877 0.0000 7.2960 0.2685 0.0000 0.0000 0.0000 0.0000 0.0000 0.0000 0.0000 7.7386 11.4822 0.0000 -9.1948 0.0000 0.0000 0.0000 -10.6751 -27.4852 0.0000 14.4499 0.0000 0.0000 0.0000 0.0000 0.0000 0.0000 0.0000
423.3668 -1502.5766 484.4242 348.6732 188.6677 1732.4662 -1464.1602 -477.8996 258.1632 185.0152 -464.1431 235.6851 57.0467 0.0000 0.0000 0.0000 0.0000 0.0000 120.8955 126.8130 0.0000 97.5726 0.0000 -59.9810 -93.8698 280.7869 -133.2785 0.0000 -200.7170 81.0005 0.0000 0.0000 0.0000 0.0000 10.6245 0.0000
320.3288 140.5214 -34.7585 -71.4071 68.3052 -74.5194 155.8169 4.2595 -52.7536 81.0375 -53.2027 0.0000 -65.8332 0.0000 0.0000 -9.2715 0.0000 0.0000 -23.9742 -74.3857 0.0000 49.3977 0.0000 0.0000 0.0000 -10.1744 57.7650 21.1967 0.0000 0.0000 55.3488 0.0000 144.1227 0.0000 -131.7060 0.0000
245.7422 -375.8664 407.8178 -164.1564 -197.2642 226.7733 139.6572 169.1654 -228.2623 9.2790 129.6212 0.0000 52.4382 -84.5778 0.0000 -46.5702 0.0000 0.0000 -1899.4559 -113.7035 18.0988 92.8902 -166.5138 0.0000 2853.4699 1955.7806 37.5478 0.0000 0.0000 0.0000 0.0000 0.0000 -4581.4159 0.0000 1633.4273 0.0000
1256.5172 -452.7336 347.2446 216.7936 451.5747 94.8590 -434.3056 -465.4531 446.3053 461.8286 100.5582 0.0000 -296.4334 -273.1442 240.0447 -264.2070 0.0000 0.0000 1290.3204 -58.9433 0.0000 -180.2101 33.6194 204.9662 -1823.1853 -2537.0948 787.8231 -622.8951 252.2643 0.0000 137.5159 0.0000 3005.0028 0.0000 -918.2138 0.0000
97.1406 7.1004 -10.6622 0.0000 33.0518 23.2636 0.0000 -10.7843 0.0000 23.5475 0.0000 0.0000 0.0000 0.0000 0.0000 0.0000 0.0000 0.0000 -53.0354 0.0000 0.0000 0.0000 0.0000 0.0000 0.0000 65.1989 0.0000 0.0000 0.0000 0.0000 0.0000 0.0000 96.1652 0.0000 -26.5395 0.0000
0.2518 0.0000 0.0000 0.0000 0.0000 0.0000 0.0000 0.0000 0.0000 0.0000 0.0000 0.0000 0.0000 0.0000 0.0000 0.0000 0.0000 0.0000 0.0000 0.0000 0.0000 0.0000 0.0000 0.0000 0.0000 0.0000 0.0000 0.0000 0.0000 0.0000 0.0000 0.0000 0.0000 0.0000 0.0000 0.0000
