# numpoly:1.0.6 names:q0,q1,q2,q3,q4 keys:;;;;;,;;;;<,;;;;=,;;;;>,;;;<;,;;;<<,;;;<=,;;;=;,;;;=<,;;<;;,;;<;<,;;<;=,;;<<;,;;<<<,;;=;;,;;=;<,;<;;;,;<;;<,;<;;=,;<;<;,;<;<<,;<;=;,;<<;;,;=;;;,<;;;;,<;;;<,<;;;=,<;;<;,<;;<<,<;<;;,<;<;<,<;<<;,<<;;;,<<;<;,=;;;;,=;;<; shape:9
# onwind solar H2 battery transmission offwind wind tsc gini
1084.6385 9.7714 -332.8647 68.7695 310.1687 304.8456 86.1176 37.7226 181.9888 144.5124 -107.2969 -13.1621 258.7277 -285.9070 -139.5860 0.0000 3746.4758 376.4717 0.0000 -611.5541 -526.4096 -230.5107 350.1150 -3483.9099 -4507.4462 259.3981 0.0000 -332.5148 19.1641 39.0404 -62.9683 0.0000 3896.0328 1556.7780 -543.8644 -689.3234
189.5368 376.0742 342.9797 -92.5134 -690.6505 625.5504 100.5066 452.1214 -549.1847 -824.9520 -31.5574 -499.6804 -110.7874 0.0000 1092.9103 -177.5300 290.8633 -17.6186 0.0000 -68.7582 0.0000 0.0000 -385.7211 0.0000 1983.9421 -2162.1992 394.5747 346.1321 0.0000 -1919.1120 1587.0398 -110.7861 300.5907 0.0000 0.0000 0.0000
159.9149 155.5024 -184.8054 118.0894 -314.3600 179.2986 -129.0418 134.5319 0.0000 -39.8215 0.0000 0.0000 39.6653 0.0000 0.0000 0.0000 -4.1857 0.0000 0.0000 0.0000 0.0000 0.0000 0.0000 0.0000 189.6898 -71.7235 0.0000 -170.5686 65.6859 0.0000 0.0000 0.0000 0.0000 0.0000 0.0000 0.0000
-48.1906 -740.5120 2166.7033 -1487.7813 387.9273 -1113.0131 969.1152 240.9051 -265.3669 37.0235 74.0063 0.0000 -5.6315 0.0000 0.0000 0.0000 140.4929 -219.7116 81.4748 0.0000 0.0000 0.0000 0.0000 0.0000 216.3341 -691.0633 383.6088 -80.6707 0.0000 -120.2687 0.0000 0.0000 -11.8156 0.0000 132.6058 0.0000
184.7691 -9.2479 29.1836 0.0000 119.0065 -78.0282 0.0000 5.3127 0.0000 37.7076 24.0810 0.0000 -27.1247 0.0000 0.0000 0.0000 1.3590 15.5265 0.0000 -120.7032 0.0000 0.0000 0.0000 0.0000 -81.4724 -21.8845 0.0000 122.7440 0.0000 0.0000 0.0000 0.0000 211.3381 0.0000 -114.3463 0.0000
140.1324 -103.4913 -18.6329 17.6567 20.5699 93.5953 -19.8861 -70.5454 0.0000 -52.3720 50.3776 0.0000 0.0000 0.0000 0.0000 0.0000 -1595.0780 0.0000 0.0000 0.0000 0.0000 0.0000 -7.7685 2039.2281 1742.9569 95.4274 0.0000 93.7775 -83.0486 76.3410 0.0000 0.0000 -3318.4263 0.0000 1035.2392 0.0000
1206.0882 428.8435 -465.3911 183.1943 414.8332 -276.7567 0.0000 -302.6934 277.5509 416.7040 -264.1681 0.0000 108.2664 -82.2324 -189.5412 0.0000 1418.4616 62.0844 0.0000 106.5712 -70.9071 0.0000 260.6164 -1309.2679 -2772.7934 324.4619 -38.5689 -72.4054 0.0000 44.4404 0.0000 0.0000 1600.1113 0.0000 0.0000 0.0000
85.8125 7.8298 -9.3240 0.0000 35.7365 19.3181 0.0000 -12.0967 0.0000 22.0374 0.0000 0.0000 0.0000 0.0000 0.0000 0.0000 -38.2846 0.0000 0.0000 0.0000 0.0000 0.0000 0.0000 0.0000 58.4047 0.0000 0.0000 0.0000 0.0000 0.0000 0.0000 0.0000 76.6903 0.0000 -15.4714 0.0000
0.1307 0.0000 0.0000 0.0000 0.0000 0.0000 0.0000 0.0000 0.0000 0.0000 0.0000 0.0000 0.0000 0.0000 0.0000 0.0000 0.0000 0.0000 0.0000 0.0000 0.0000 0.0000 0.0000 0.0000 0.0000 0.0000 0.0000 0.0000 0.0000 0.0000 0.0000 0.0000 0.0000 0.0000 0.0000 0.0000
