# numpoly:1.0.6 names:q0,q1,q2,q3,q4 keys:;;;;;,;;;;<,;;;;=,;;;;>,;;;<;,;;;<<,;;;<=,;;;=;,;;;=<,;;;>;,;;<;;,;;<;<,;;<;=,;;<<;,;;<<<,;;<=;,;;=;;,;<;;;,;<;;<,;<;;=,;<;<;,;<;<<,;<<;;,;=;;;,<;;;;,<;;;<,<;;<;,<;;<<,<;<;;,<;<;<,<<;;;,<<;<;,<=;;;,=;;;;,=<;;; shape:9
# onwind solar H2 battery transmission offwind wind tsc gini
4195.0716 136.5723 -20.0066 -76.5689 42.2747 -283.5076 236.0768 -102.0178 0.0000 0.0000 516.5896 -237.2138 -9.4529 44.5426 0.0000 0.0000 -199.7318 14783.6277 312.1039 -67.8469 -6.7960 0.0000 513.0324 -19031.0614 -30582.9370 56.6860 229.7057 -61.6014 -429.8765 0.0000 9137.0142 -112.8200 23130.2869 28888.5500 -30837.6441
1238.9485 -1193.9289 590.4474 32.1056 508.5270 44.8486 -365.4460 13.1275 0.0000 -45.7734 -2539.6881 1408.3283 0.0000 70.8630 -697.3953 48.8707 1013.6203 1379.8649 -637.8371 -87.2431 -686.5105 864.6619 -1116.7283 413.8683 -234.5248 155.2055 44.2493 160.1058 554.7637 -558.6437 0.0000 0.0000 0.0000 93.6666 0.0000
255.3854 46.2675 -83.1092 43.1668 -631.0045 427.0724 -73.7468 331.5166 -214.7363 0.0000 10.2048 0.0000 0.0000 1.8442 0.0000 0.0000 0.0000 66.4236 28.9837 0.0000 -68.9009 0.0000 0.0000 0.0000 34.2894 -76.2290 -2.0957 0.0000 0.0000 0.0000 0.0000 0.0000 0.0000 0.0000 0.0000
369.7461 -1402.4144 2550.0725 -1356.8387 513.3306 -1317.7271 813.3225 275.1495 0.0000 -129.7175 -215.0656 144.9263 0.0000 -19.5491 0.0000 0.0000 28.7502 -97.5118 -278.9369 0.0000 0.0000 0.0000 0.0000 229.7121 -7.7959 0.2688 -27.0360 0.0000 0.0000 0.0000 -109.6714 0.0000 0.0000 108.7662 0.0000
33.3832 197.7157 -200.6344 72.5414 376.1471 -282.1987 0.0000 -108.0996 175.2128 0.0000 65.0124 -43.7115 0.0000 20.2252 0.0000 0.0000 0.0000 158.2981 27.5583 0.0000 -121.3185 0.0000 0.0000 159.8314 70.0242 101.3462 0.0000 0.0000 0.0000 0.0000 -379.4232 0.0000 0.0000 113.7138 0.0000
-1882.1586 415.9541 -549.0922 117.1773 31.7136 187.3895 0.0000 -305.3297 82.3515 121.1916 257.6662 -394.8846 345.2344 -70.6237 0.0000 0.0000 -68.2356 -4881.3136 125.8628 0.0000 371.1214 -298.7960 0.0000 6325.8490 12820.7476 24.8129 -10.4051 0.0000 114.2583 0.0000 -5576.1558 0.0000 -7575.8670 -10743.2515 11495.1573
1120.2838 -149.3808 65.4554 0.0000 -14.1582 19.7854 96.7794 -165.9778 70.7435 0.0000 335.9841 181.7194 -309.8410 123.0227 0.0000 0.0000 -1.7665 218.9486 111.2773 0.0000 -27.2832 0.0000 0.0000 744.0382 -2354.3419 293.2311 265.4950 -311.0423 -163.6071 0.0000 -615.0316 0.0000 0.0000 1998.1130 -891.7773
94.6730 6.4040 -10.4057 0.0000 32.7903 23.5449 0.0000 -11.2902 0.0000 0.0000 22.2878 0.0000 0.0000 0.0000 0.0000 0.0000 0.0000 -44.7097 0.0000 0.0000 0.0000 0.0000 0.0000 0.0000 58.7291 0.0000 0.0000 0.0000 0.0000 0.0000 86.8578 0.0000 0.0000 -18.9774 0.0000
0.1584 -0.0244 0.0000 0.0000 0.0000 0.0000 0.0000 0.0000 0.0000 0.0000 0.0000 0.0000 0.0000 0.0000 0.0000 0.0000 0.0000 0.0000 0.0000 0.0000 0.0000 0.0000 0.0000 0.0000 0.0000 0.0000 0.0000 0.0000 0.0000 0.0000 0.0000 0.0000 0.0000 0.0000 0.0000
