# numpoly:1.0.6 names:q0,q1,q2,q3,q4 keys:;;;;;,;;;;<,;;;;=,;;;;>,;;;<;,;;;<<,;;;<=,;;;=;,;;;=<,;;;>;,;;<;;,;;<;<,;;<<;,;;<<<,;;=;;,;<;;;,;<;;<,;<;;=,;<;<;,;<;<<,;<<;;,;=;;;,<;;;;,<;;;<,<;;;=,<;;<;,<;;<<,<;;=;,<;<;;,<<;;;,=;;;; shape:9
# onwind solar H2 battery transmission offwind wind tsc gini
1277.0581 254.5777 -19.3004 -161.7075 59.2175 -539.6783 509.9965 4.2749 0.0000 1.0718 287.3740 -117.9002 -41.6713 52.3647 0.0000 943.9454 256.0963 0.0000 537.9175 -460.8558 260.3624 -2157.9683 -2005.3947 50.1035 -45.4184 -264.3736 246.9764 -34.3355 -239.2677 3054.2735 -630.2465
1418.6288 -611.3630 -11.5944 323.3916 53.7570 810.5702 -646.4724 -66.3693 0.0000 0.0000 -2338.5675 673.3508 3.3171 -355.5234 1187.1234 225.0355 -11.3109 0.0000 0.0000 0.0000 -357.3001 -656.2836 1386.6020 -633.4454 0.0000 -146.0988 392.6720 0.0000 -742.6756 1609.9243 -709.7517
188.5652 138.5238 -34.1444 49.1711 -303.0169 154.6598 -238.5167 4.5701 102.8238 0.0000 18.3044 -3.0763 0.0000 0.0000 0.0000 -21.3657 13.2220 0.0000 -3.2261 0.0000 0.0000 0.0000 -47.7719 -0.6447 0.0000 76.8124 0.0000 0.0000 0.0000 0.0000 0.0000
23.4780 -465.5090 607.7034 -375.3233 638.5672 -1302.9494 1040.8862 241.1122 -417.4290 0.0000 -128.3429 70.6178 -3.5627 0.0000 0.0000 169.4081 -232.1018 115.7975 0.0000 0.0000 0.0000 0.0000 3.8171 356.1878 -292.8046 -140.0318 157.1013 0.0000 0.0000 0.0000 0.0000
211.2561 -149.7220 191.5638 -79.4286 176.2041 -5.1438 0.0000 62.2961 0.0000 0.0000 -24.0070 -1.2794 20.6414 0.0000 0.0000 37.9499 0.0000 0.0000 33.9148 0.0000 0.0000 0.0000 416.2702 0.0000 0.0000 -239.4556 0.0000 0.0000 37.5677 -123.3513 -28.8356
49.1612 -12.3446 7.6912 0.0000 19.4842 0.0000 0.0000 34.2152 0.0000 0.0000 12.4376 -4.9117 0.0000 0.0000 0.0000 -392.7354 11.7434 0.0000 -80.4410 0.0000 -9.3826 785.1689 255.9593 -13.7863 0.0000 24.5148 0.0000 0.0000 21.8321 -1190.7113 484.2011
1311.0223 326.4763 43.1464 -200.5658 214.5406 -707.9210 533.3678 6.0233 0.0000 0.0000 336.9834 -101.1966 0.0000 0.0000 -15.3829 633.5614 -40.3961 0.0000 155.3888 -9.6977 148.0772 -1205.2218 -1931.8608 202.1916 -44.7975 -121.7850 0.0000 0.0000 -145.1385 1773.3414 -81.6623
96.3145 8.7664 -11.4185 0.0000 33.8805 22.7873 0.0000 -12.2955 0.0000 0.0000 27.6248 0.0000 0.0000 0.0000 0.0000 -55.1590 0.0000 0.0000 0.0000 0.0000 0.0000 0.0000 60.4012 0.0000 0.0000 0.0000 0.0000 0.0000 0.0000 88.0688 -20.6752
0.4165 -0.0125 0.0000 0.0000 0.0794 0.0000 0.0000 0.0000 0.0000 0.0000 0.0552 0.0000 0.0000 0.0000 0.0000 -0.0306 0.0000 0.0000 0.0000 0.0000 0.0000 0.0000 0.0691 0.0000 0.0000 0.0000 0.0000 0.0000 0.0000 0.0000 0.0000
