# numpoly:1.0.6 names:q0,q1,q2,q3,q4 keys:;;;;;,;;;;<,;;;;=,;;;;>,;;;<;,;;;<<,;;;<=,;;;=;,;;;=<,;;;>;,;;<;;,;;<;<,;;<;=,;;<<;,;;<<<,;;=;;,;<;;;,;<;;<,;<;;=,;<;<;,;<;<<,;<<;;,;=;;;,<;;;;,<;;;<,<;;;=,<;;<;,<;;<<,<;<;;,<;<;<,<<;;;,<<;;<,=;;;;,=<;;; shape:9
# onwind solar H2 battery transmission offwind wind tsc gini
3514.4899 -574.4616 40.1687 0.0000 -110.8190 389.9808 91.9170 -202.6240 158.9599 0.0000 159.8572 22.4503 -182.6981 102.1429 0.0000 -254.5154 -488.0633 52.4373 -209.6505 -138.1962 402.2702 735.3879 -2393.3656 -9378.7142 954.3575 201.9354 552.6668 -1333.5587 -285.8170 0.0000 9617.7105 0.0000 2650.5736 -3550.6071
914.1959 -583.5333 461.4813 0.0000 658.7424 -823.4486 -106.2489 19.3237 0.0000 -1.8057 -2433.8885 1493.3073 0.0000 55.4728 -480.3613 1472.1164 1102.2139 -587.2200 -69.0945 -531.3569 857.0273 -820.0357 -588.8516 327.0915 -362.3999 0.0000 -252.3662 521.0659 -428.2551 -468.4601 1724.1151 -40.0669 -502.6706 0.0000
191.4958 63.3936 -143.7195 71.9593 -519.9328 456.9533 -92.9918 309.5968 -222.6622 0.0000 14.5569 -14.3186 0.0000 0.0000 0.0000 0.0000 16.0766 0.0000 0.0000 0.0000 0.0000 0.0000 0.0000 86.3284 -15.0387 0.0000 -105.3666 0.0000 0.0000 0.0000 0.0000 0.0000 0.0000 0.0000
339.0166 -1305.2106 2350.8149 -1247.6675 560.9458 -1265.7490 787.6467 16.3583 0.0000 0.0000 -268.8679 252.1173 0.0000 38.4704 -62.0490 81.4827 55.7981 -254.7560 0.0000 -15.0129 0.0000 0.0000 -19.0378 21.1281 -111.9696 0.0000 0.0000 0.0000 -121.0388 0.0000 233.4022 0.0000 -27.8576 0.0000
282.6278 57.5346 -35.6054 0.0000 257.1539 -235.5014 0.0000 -90.2271 163.3169 0.0000 -4.0769 -51.0558 0.0000 52.9882 0.0000 -12.8580 425.5916 83.1743 0.0000 -302.3088 0.0000 0.0000 0.0000 -82.3618 60.4195 0.0000 192.0682 0.0000 34.3535 0.0000 -191.0143 0.0000 0.0000 0.0000
118.9928 -128.0011 -60.4472 0.0000 -320.1591 386.3157 0.0000 0.0000 0.0000 0.0000 203.1242 -30.2775 0.0000 -50.9097 22.3407 0.0000 -1680.2114 354.3752 86.5679 406.5828 -674.6677 -325.4418 1942.1040 2065.8527 -115.8352 -83.3955 18.6841 278.5780 204.2050 0.0000 -3180.8071 0.0000 772.5210 0.0000
1120.2275 -108.3222 -138.1375 11.6581 -46.6670 292.7971 0.0000 -229.0685 181.0134 0.0000 479.7521 -250.2572 0.0000 45.0532 0.0000 -262.3845 390.0348 41.5724 0.0000 66.2695 0.0000 325.5857 -297.3951 -1865.6123 688.9636 0.0000 342.0773 -651.4498 -19.0036 0.0000 369.7422 0.0000 275.9207 0.0000
91.4433 7.2945 -10.2513 0.0000 31.3249 22.1621 0.0000 -10.9506 0.0000 0.0000 26.8285 0.0000 0.0000 0.0000 0.0000 0.0000 -46.5895 0.0000 0.0000 0.0000 0.0000 0.0000 0.0000 55.4632 0.0000 0.0000 0.0000 0.0000 0.0000 0.0000 77.0128 0.0000 -14.3052 0.0000
0.5959 0.0309 0.0000 0.0000 0.0013 0.0000 0.0000 0.0000 0.0000 0.0000 0.0295 0.0000 0.0000 0.0000 0.0000 0.0000 -0.0084 0.0000 0.0000 0.0000 0.0000 0.0000 0.0000 -0.0054 0.0000 0.0000 0.0000 0.0000 0.0000 0.0000 0.0000 0.0000 0.0000 0.0000
