# numpoly:1.0.6 names:q0,q1,q2,q3,q4 keys:;;;;;,;;;;<,;;;;=,;;;;>,;;;<;,;;;<<,;;;<=,;;;=;,;;;=<,;;;>;,;;<;;,;;<;<,;;<;=,;;<<;,;;<<<,;;<=;,;;=;;,;;=;<,;;=<;,;<;;;,;<;;<,;<;;=,;<;<;,;<;<<,;<;=;,;<<;;,;<<<;,;=;;;,;=;;<,<;;;;,<;;;<,<;;;=,<;;<;,<;;<<,<;;=;,<;<;;,<;<;<,<<;;;,<<;;<,<<;<;,<<<;;,=;;;;,=;;;<,=;;<;,=;<;;,=<;;; shape:9
# onwind solar H2 battery transmission offwind wind tsc gini
2391.9004 -2262.3910 504.2794 -118.2655 332.8721 -506.5193 67.0013 -98.3934 167.3508 0.0000 526.3127 -635.3068 0.0000 -493.3824 747.6982 0.0000 0.0000 0.0000 0.0000 2214.3412 -431.4620 44.2491 -278.1955 586.9022 0.0000 618.8503 0.0000 -3874.5550 0.0000 -6979.5343 6408.7527 -500.5093 736.1331 -1187.3114 0.0000 -529.6830 0.0000 5608.0073 8.5872 0.0000 0.0000 738.1674 -2908.7728 0.0000 0.0000 0.0000
1597.5271 -768.6477 77.3280 392.9357 169.6935 1015.6769 -890.6136 -118.6850 0.0000 0.0000 -2977.1559 1013.6309 0.0000 33.1784 -623.2363 0.0000 1525.1388 0.0000 0.0000 624.6537 -184.6337 0.0000 -144.2120 232.6000 0.0000 -502.3457 0.0000 -896.6277 0.0000 1924.0578 -895.4884 0.0000 -193.4387 577.6418 0.0000 -946.0778 0.0000 1896.8256 -19.5362 0.0000 0.0000 -901.8815 0.0000 0.0000 0.0000 0.0000
215.3323 125.8720 33.7813 0.0000 -690.8304 93.5270 -61.3184 652.7282 0.0000 -211.5377 13.6018 7.3863 0.0000 6.2320 0.0000 0.0000 0.0000 0.0000 0.0000 39.3762 -23.1670 0.0000 -2.7926 0.0000 0.0000 0.0000 0.0000 0.0000 0.0000 42.7049 -45.5038 0.0000 -86.6909 0.0000 0.0000 0.0000 0.0000 0.0000 0.0000 0.0000 0.0000 0.0000 0.0000 0.0000 0.0000 0.0000
93.9088 -680.3984 913.7711 -453.7439 502.7532 -563.4304 296.6073 170.4719 -317.3456 0.0000 -166.2084 87.6653 0.0000 0.0000 0.0000 0.0000 0.0000 0.0000 0.0000 -92.5970 46.7047 0.0000 5.6736 0.0000 0.0000 0.0000 0.0000 0.0000 0.0000 656.1086 -480.7485 0.0000 -408.4414 595.4068 0.0000 0.0000 0.0000 0.0000 0.0000 0.0000 0.0000 -145.0981 0.0000 0.0000 0.0000 0.0000
556.4218 -42.4142 -14.8008 0.0000 55.1773 59.9309 0.0000 0.0000 0.0000 0.0000 16.5267 -20.0117 0.0000 0.0000 0.0000 0.0000 0.0000 0.0000 0.0000 -156.0223 5.3549 0.0000 -55.7266 0.0000 0.0000 0.0000 0.0000 -28.8198 0.0000 -47.2930 118.6715 0.0000 65.7589 -104.4228 0.0000 0.0000 0.0000 306.2272 0.0000 0.0000 0.0000 -168.2712 0.0000 0.0000 0.0000 0.0000
-85.0724 14.2460 25.2663 0.0000 57.2050 6.7837 -4.3494 10.6047 0.0000 0.0000 240.8685 -46.7377 0.0000 0.0000 0.0000 0.0000 0.0000 0.0000 0.0000 -829.8025 -76.6412 0.0000 -88.5901 0.0000 0.0000 -314.7931 0.0000 2263.4327 0.0000 816.3857 57.7319 0.0000 0.0000 0.0000 0.0000 125.1277 0.0000 -3536.6396 0.0000 0.0000 0.0000 1352.2639 0.0000 0.0000 0.0000 0.0000
3327.4797 5250.9557 1033.2837 -722.3090 -7752.7842 -2488.8917 1869.5754 3353.2869 567.2784 0.0000 4644.8429 3276.3701 66.1376 3487.4797 0.0000 3840.1237 2984.9838 -2921.7658 -1722.7681 -9934.5163 3296.3825 -1508.1392 11009.7472 -6431.9543 -4104.1265 -5726.4021 -6647.3887 -1310.9951 1443.1201 -202.4387 -18258.3037 73.4213 -522.6793 5149.5400 -4962.5194 -17287.0137 1794.5838 18719.2021 1520.0827 5875.2749 13282.5312 6892.8187 6987.7428 175.0996 3065.9840 -19565.4356
58.9295 13.7047 -11.7565 0.0000 51.6956 16.3606 0.0000 -22.5027 0.0000 0.0000 27.9188 0.0000 0.0000 0.0000 0.0000 0.0000 0.0000 0.0000 0.0000 -55.6027 0.0000 0.0000 0.0000 0.0000 0.0000 0.0000 0.0000 0.0000 0.0000 133.0279 0.0000 0.0000 0.0000 0.0000 0.0000 0.0000 0.0000 89.1793 0.0000 0.0000 0.0000 -64.7138 0.0000 0.0000 0.0000 0.0000
0.5076 0.0200 0.0000 0.0000 0.0142 0.0000 0.0000 0.0000 0.0000 0.0000 0.0769 0.0000 0.0000 0.0000 0.0000 0.0000 0.0000 0.0000 0.0000 0.0109 0.0000 0.0000 0.0000 0.0000 0.0000 0.0000 0.0000 0.0000 0.0000 -0.0698 0.0000 0.0000 0.0000 0.0000 0.0000 0.0000 0.0000 0.0000 0.0000 0.0000 0.0000 0.0000 0.0000 0.0000 0.0000 0.0000
