# numpoly:1.0.6 names:q0,q1,q2,q3,q4 keys:;;;;;,;;;;<,;;;;=,;;;;>,;;;<;,;;;<<,;;;<=,;;;=;,;;;=<,;;<;;,;;<;<,;;<<;,;;<<<,;;=;;,;<;;;,;<;;<,;<;<;,;<;<<,;<<;;,;=;;;,<;;;;,<;;;<,<;;;=,<;;<;,<;;<<,<;<;;,<;<;<,<<;;;,<<;<;,<=;;;,=;;;;,=<;;; shape:9
# onwind solar H2 battery transmission offwind wind tsc gini
1834.7984 359.8976 -128.0189 12.6052 386.9174 -543.0161 0.0000 -335.6588 291.8215 -22.7678 -296.9535 -53.7173 253.6917 -207.3351 -2386.8206 -68.1159 238.1661 0.0000 230.9722 701.7928 36.1179 302.0462 0.0000 -448.4849 -7.1284 300.2268 0.0000 7336.6643 77.3705 -5462.9857 -6497.1059 4970.2619
151.8088 128.8017 347.8777 -73.9242 135.6103 -286.8510 0.0000 74.4605 -76.2881 -1096.9081 61.3109 -261.9387 0.0000 1467.6351 481.6720 -75.5153 -65.5276 105.6897 -213.9321 -138.8053 1518.8857 -933.7941 0.0000 210.5037 107.3904 -2138.4101 533.3917 236.8984 0.0000 0.0000 258.7281 0.0000
273.2095 179.6123 -148.5619 69.7784 -236.8758 120.0822 -96.8405 118.1396 0.0000 15.7854 -13.6956 0.0000 0.0000 0.0000 -202.5909 0.0000 21.4149 0.0000 0.0000 0.0000 -132.9058 12.7201 0.0000 -119.3523 0.0000 0.0000 0.0000 270.3748 0.0000 0.0000 -24.3969 0.0000
120.9416 -1055.9895 2048.6114 -1178.7250 689.7569 -1455.4963 880.6969 0.0000 0.0000 -71.3255 106.2036 -23.4602 0.0000 31.6725 68.4444 -42.1460 -28.6318 0.0000 0.0000 0.0000 226.3117 -215.6543 65.6982 30.2511 0.0000 -166.6497 0.0000 -15.5796 0.0000 0.0000 4.1580 0.0000
558.0549 12.5153 -14.7686 0.0000 6.8053 -1.8581 0.0000 14.1407 0.0000 61.3366 0.0000 0.0000 0.0000 -17.0239 -165.6399 0.0000 -26.5509 0.0000 0.0000 -49.6986 10.0039 0.0000 0.0000 63.6035 0.0000 -21.6456 0.0000 375.9616 0.0000 0.0000 -197.7444 0.0000
-141.3160 -24.6831 -20.5439 15.3932 28.9808 12.1290 0.0000 21.8637 0.0000 59.6346 -21.2809 5.5472 0.0000 0.0000 -563.3024 15.0257 -149.0962 0.0000 -14.5102 1942.0115 791.7303 -18.4265 0.0000 107.4280 0.0000 38.9501 0.0000 -3328.6166 0.0000 0.0000 1211.3735 0.0000
1411.9157 228.1389 -249.1279 79.0888 233.4757 -216.2412 0.0000 -299.2163 264.1553 153.8476 -234.9493 35.8838 132.7214 -266.3498 920.4183 -39.4329 140.5168 0.0000 117.6985 -1736.5880 -2144.7288 406.5258 0.0000 -121.2379 -206.8157 419.4135 0.0000 2833.2553 0.0000 0.0000 -905.3854 0.0000
88.8661 7.2947 -9.8969 0.0000 33.5493 21.3721 0.0000 -13.5455 0.0000 24.2673 0.0000 0.0000 0.0000 0.0000 -42.4603 0.0000 0.0000 0.0000 0.0000 0.0000 59.3340 0.0000 0.0000 0.0000 0.0000 0.0000 0.0000 75.0978 0.0000 0.0000 -19.1434 0.0000
0.5328 -0.0138 0.0000 0.0000 0.0541 0.0000 0.0000 0.0000 0.0000 0.0424 0.0000 0.0000 0.0000 0.0000 -0.0094 0.0000 0.0000 0.0000 0.0000 0.0000 0.0354 0.0000 0.0000 0.0000 0.0000 0.0000 0.0000 0.0000 0.0000 0.0000 0.0000 0.0000
