# numpoly:1.0.6 names:q0,q1,q2,q3,q4 keys:;;;;;,;;;;<,;;;;=,;;;;>,;;;<;,;;;<<,;;;<=,;;;=;,;;;=<,;;<;;,;;<;<,;;<;=,;;<<;,;;=;;,;<;;;,;<;;<,;<;;=,;<;<;,;<;<<,;<<;;,;<<;<,;=;;;,<;;;;,<;;;<,<;;;=,<;;<;,<;;<<,<;<;;,<<;;;,<<;;<,<=;;;,=;;;;,=<;;; shape:9
# onwind solar H2 battery transmission offwind wind tsc gini
500.5465 97.2501 -189.0472 0.0000 15.5507 258.6754 0.0000 -59.2194 -27.1673 502.4325 -383.5143 186.5768 -114.2355 -92.6332 17682.0557 74.6950 0.0000 -211.9969 0.0000 373.8993 0.0000 -16647.3809 -20572.4037 150.9102 0.0000 372.2780 -201.3702 -320.5931 -2221.8638 0.0000 21157.7851 23074.8819 -23191.8084
983.7973 -937.9947 1088.5686 -413.0066 -33.5991 -389.8845 518.9525 441.0988 -465.3801 -1395.1646 1234.3517 -822.5625 75.6042 734.4417 389.8307 -485.0917 243.4964 -286.5701 0.0000 -1000.0700 73.4317 -782.6031 48.4963 -127.5375 0.0000 -51.6166 191.5711 0.0000 3153.1850 -63.7385 0.0000 -1577.6856 0.0000
122.1946 154.0975 -129.0750 90.1830 -202.4451 -19.4348 -108.1088 96.2799 55.7570 -3.1548 -18.0016 0.0000 33.9134 0.0000 41.5814 96.2602 0.0000 -129.4972 0.0000 0.0000 0.0000 0.0000 5.6620 -36.3679 0.0000 40.1655 0.0000 0.0000 0.0000 0.0000 0.0000 0.0000 0.0000
186.9747 -89.4267 941.0891 -1014.7276 296.2671 -995.1337 967.1174 190.6356 -339.7655 -104.7168 164.1846 -39.9107 -59.7711 0.0000 -132.2648 -1220.6597 982.7710 497.3542 -337.5708 0.0000 0.0000 0.0000 -35.6373 301.5275 -259.2093 -436.6397 442.7587 0.0000 449.8581 -162.5459 0.0000 -134.2161 0.0000
643.8610 -37.9672 20.5101 24.0986 75.1134 91.2538 -110.3189 -6.6486 31.8696 104.7502 9.9818 0.0000 -51.6251 0.0000 -325.8467 -63.5081 0.0000 149.1912 0.0000 0.0000 0.0000 -131.3746 -256.0630 62.3951 0.0000 -105.2600 0.0000 -62.4069 708.2968 0.0000 0.0000 -167.8636 0.0000
-2765.3631 269.1480 -268.2080 155.9739 72.4699 116.4908 -134.9753 -27.0967 0.0000 -111.3800 0.0000 0.0000 0.0000 0.0000 165.9098 33.0661 0.0000 73.2382 -80.8799 -50.1420 0.0000 2493.4691 11723.0715 -209.6957 0.0000 -191.2208 280.7304 254.1650 -9602.8533 0.0000 -2300.3287 -7426.1789 8033.1442
1210.7506 512.5427 -536.5122 105.8057 104.1473 276.5296 -69.5620 -115.2199 0.0000 656.7088 -612.2434 360.3593 -115.7616 -183.1232 890.0240 54.1867 0.0000 -148.7308 0.0000 231.9431 0.0000 515.3686 -4312.9010 26.1397 0.0000 211.9163 -27.9723 -44.7171 -1777.2891 0.0000 1526.1525 5311.4572 -3357.4573
101.6272 8.7206 -11.3806 0.0000 33.2850 23.1798 0.0000 -11.6707 0.0000 27.8683 0.0000 0.0000 0.0000 0.0000 -62.9490 0.0000 0.0000 0.0000 0.0000 0.0000 0.0000 0.0000 61.8859 0.0000 0.0000 0.0000 0.0000 0.0000 97.8863 0.0000 0.0000 -25.5119 0.0000
0.5937 -0.0075 0.0000 0.0000 0.0119 0.0000 0.0000 0.0000 0.0000 0.0356 0.0000 0.0000 0.0000 0.0000 0.0525 0.0000 0.0000 0.0000 0.0000 0.0000 0.0000 0.0000 -0.0517 0.0000 0.0000 0.0000 0.0000 0.0000 0.0000 0.0000 0.0000 0.0000 0.0000
