# numpoly:1.0.6 names:q0,q1,q2,q3,q4 keys:;;;;;,;;;;<,;;;;=,;;;;>,;;;<;,;;;<<,;;;<=,;;;=;,;;;=<,;;<;;,;;<;<,;;<;=,;;<<;,;;=;;,;<;;;,;<;;<,;<;;=,;<;<;,;<<;;,;=;;;,<;;;;,<;;;<,<;;<;,<;<;;,<<;;;,=;;;; shape:9
# onwind solar H2 battery transmission offwind wind tsc gini
1409.6322 -13.0945 -25.0978 0.0000 63.9361 280.7790 -83.7172 -117.6872 0.0000 305.6469 -45.4404 0.0000 0.0000 -91.7598 1679.4317 55.3761 0.0000 0.0000 128.5779 -1485.0979 -2705.6756 -71.0376 0.0000 -20.3258 1877.8173 -42.8800
271.8016 -330.7637 344.3726 -142.7481 228.4514 -364.9856 136.1528 92.6694 0.0000 -383.9483 167.1536 -82.2849 0.0000 0.1034 117.0132 31.4433 0.0000 -54.9233 0.0000 0.0000 164.6087 73.2899 -96.6370 0.0000 0.0000 0.0000
140.8315 70.5175 -42.1922 57.5378 -186.1332 69.4649 -113.5524 38.2549 29.6216 24.9438 -12.0008 0.0000 0.0000 0.0000 6.3546 0.0000 0.0000 0.0000 0.0000 0.0000 1.1057 0.0000 0.0000 0.0000 0.0000 0.0000
-78.3242 5.5763 420.3042 -578.2725 303.9846 -938.7957 1068.4252 254.4426 -395.1798 -7.7174 55.2690 0.0000 -92.9157 0.0000 85.2925 -186.2971 106.7031 0.0000 0.0000 0.0000 43.2586 7.5393 -21.0093 0.0000 0.0000 0.0000
173.4044 -96.8284 267.7665 -143.9605 0.5885 -17.3363 0.0000 55.4318 0.0000 49.3261 1.6763 0.0000 0.0000 32.6288 37.8628 0.0000 0.0000 -45.7326 0.0000 0.0000 99.4391 -27.8941 58.3875 -69.2205 0.0000 0.0000
117.9468 71.2491 -112.8767 56.7957 34.3754 29.3641 0.0000 0.0000 0.0000 -7.5451 17.1913 0.0000 -24.3861 0.0000 -758.0450 -29.7598 0.0000 0.0000 0.0000 544.2752 851.3463 0.0000 0.0000 27.6216 -754.0740 103.4269
1476.5902 53.2293 -176.9404 101.2127 85.1863 396.4514 -149.4056 -115.3526 0.0000 371.2582 -16.1090 0.0000 -42.2633 -105.1631 791.5151 7.3887 0.0000 0.0000 84.3759 -793.2281 -1666.9642 -70.7533 0.0000 0.0000 1031.1974 0.0000
88.4915 7.1553 -10.2660 0.0000 37.2211 22.0572 0.0000 -13.6807 0.0000 22.9389 0.0000 0.0000 0.0000 0.0000 -43.5497 0.0000 0.0000 0.0000 0.0000 0.0000 67.7579 0.0000 0.0000 0.0000 83.6308 -22.2620
0.1525 0.0000 0.0000 0.0000 0.0000 0.0000 0.0000 0.0000 0.0000 0.0000 0.0000 0.0000 0.0000 0.0000 0.0000 0.0000 0.0000 0.0000 0.0000 0.0000 0.0000 0.0000 0.0000 0.0000 0.0000 0.0000
