# numpoly:1.0.6 names:q0,q1,q2,q3,q4 keys:;;;;;,;;;;<,;;;;=,;;;;>,;;;<;,;;;<<,;;;<=,;;;=;,;;;=<,;;<;;,;;<;<,;;<;=,;;<<;,;;<<<,;;=;;,;;=;<,;<;;;,;<;;<,;<;<;,;<<;;,;=;;;,<;;;;,<;;;<,<;;;=,<;;<;,<;;<<,<;<;;,<;<;<,<<;;;,<<;<;,=;;;; shape:9
# onwind solar H2 battery transmission offwind wind tsc gini
914.1105 -255.4505 178.8141 109.0727 1304.7124 -878.8745 0.0000 -562.9245 359.8470 24.5171 45.0207 -94.8434 0.0000 0.0000 -248.5298 0.0000 2755.7212 13.9564 -176.5372 485.9013 -3901.4826 -3542.5517 1049.8384 -515.4186 -803.3679 360.5096 271.3277 -217.8100 5440.7295 505.6871 -1752.5127
-30.6915 677.5428 626.6750 -237.1285 -257.9405 122.6734 0.0000 320.0989 -153.1807 -508.5696 -81.0620 -822.0364 -106.2385 171.3525 939.2555 -12.3485 25.7235 0.0000 -298.8327 -183.3631 -76.1460 2256.0561 -3000.9372 826.9915 125.2168 0.0000 -2322.8819 1701.5557 765.7277 0.0000 0.0000
323.8267 1.0351 -107.3087 35.9999 -580.4532 410.9537 -32.3256 306.6181 -178.9499 -4.4336 -22.5550 0.0000 34.1413 0.0000 0.0000 0.0000 2.4475 -0.6439 -17.6917 0.0000 0.0000 118.5543 -1.3260 0.0000 -160.3249 0.0000 0.0000 0.0000 53.3376 0.0000 -20.1257
39.8126 -610.6930 1076.4799 -581.4785 28.3697 -165.3462 60.8328 152.6691 0.0000 -106.5569 348.0453 -122.7542 0.0000 0.0000 0.0000 0.0000 101.4308 -64.0227 -40.9111 0.0000 0.0000 366.9903 -768.0752 425.0013 -105.6812 0.0000 -128.8489 0.0000 0.0000 0.0000 106.7686
547.7193 -3.6607 -24.5804 0.0000 99.0022 26.5330 0.0000 -21.2087 0.0000 43.0998 -30.2667 0.0000 2.8591 0.0000 0.0000 0.0000 3.2027 40.7079 -62.1795 0.0000 -200.4680 -330.8871 77.6594 0.0000 101.7557 -95.4381 0.0000 0.0000 525.5468 0.0000 -125.0214
-129.1782 146.8663 -42.8201 0.0000 -51.8893 -39.7589 0.0000 33.6048 0.0000 172.7648 -72.1260 70.7001 0.0000 0.0000 0.0000 0.0000 -1304.4600 0.0000 -33.8127 -113.0735 2231.7468 1547.2221 -59.2048 0.0000 114.2869 0.0000 25.9814 0.0000 -3617.6088 0.0000 1189.4080
1237.6175 -217.0398 111.5715 81.1345 582.7043 -501.7066 55.8622 -434.7457 224.6608 318.9937 -174.5625 0.0000 0.0000 0.0000 -250.6546 0.0000 1019.2129 17.9642 187.4404 269.7773 -1503.6292 -2493.4184 1080.2097 -492.9878 -4.5121 0.0000 259.3357 -65.1617 2106.7612 0.0000 -490.7597
87.6262 7.7001 -10.1508 0.0000 32.7128 21.5061 0.0000 -11.7275 0.0000 26.5900 0.0000 0.0000 0.0000 0.0000 0.0000 0.0000 -51.9537 0.0000 0.0000 0.0000 0.0000 69.6059 0.0000 0.0000 0.0000 0.0000 0.0000 0.0000 83.4459 0.0000 -26.1683
0.5566 -0.0054 0.0000 0.0000 0.0166 0.0000 0.0000 0.0000 0.0000 0.0315 0.0000 0.0000 0.0000 0.0000 0.0000 0.0000 -0.0081 0.0000 0.0000 0.0000 0.0000 0.0415 0.0000 0.0000 0.0000 0.0000 0.0000 0.0000 0.0000 0.0000 0.0000
