# numpoly:1.0.6 names:q0,q1,q2,q3,q4 keys:;;;;;,;;;;<,;;;;=,;;;;>,;;;<;,;;;<<,;;;<=,;;;=;,;;;=<,;;;>;,;;<;;,;;<;<,;;<<;,;;<<<,;;=;;,;<;;;,;<;;<,;<;<;,;<;<<,;<<;;,;=;;;,<;;;;,<;;;<,<;;<;,<;;<<,<;;=;,<;<;;,<<;;;,<<;;<,=;;;;,=;;;< shape:9
# onwind solar H2 battery transmission offwind wind tsc gini
-42.3259 1347.6496 30.0590 -76.1938 285.1649 -953.7886 86.9234 -100.3809 281.8761 28.7813 370.1488 -466.8789 -327.1659 458.2156 0.0000 3178.9154 -1095.7583 138.4153 -44.8027 577.7710 -3804.1756 -2243.1794 -626.1056 558.9780 0.0000 -295.2055 -546.7855 4234.2717 1551.4958 -1352.2112 -393.2126
1891.8150 -927.4804 -101.7036 479.5445 341.9274 800.3182 -881.1053 -136.6286 0.0000 0.0000 -3035.5842 877.7465 -29.9210 -477.4954 1526.2793 122.6339 289.0715 -138.0818 222.7125 -430.3839 -842.4468 1624.8552 -451.0526 -319.1460 707.0702 0.0000 -883.1026 2307.4292 -578.9834 -933.6297 0.0000
147.2037 91.4453 33.4449 0.0000 -606.5813 95.0171 -56.3621 554.9144 0.0000 -161.5224 26.4520 11.4861 8.5253 0.0000 0.0000 72.4807 -18.6816 -6.5957 0.0000 0.0000 0.0000 110.6695 -58.3398 -129.9167 0.0000 0.0000 0.0000 0.0000 0.0000 0.0000 0.0000
372.5681 -1136.3034 1214.7177 -607.5708 103.5237 3.5553 296.8403 239.7461 -354.7057 0.0000 -125.3944 58.2076 0.0000 0.0000 0.0000 -8.6823 18.5525 -68.7443 0.0000 0.0000 0.0000 221.6169 -120.6763 -54.8488 27.2206 0.0000 -29.4324 0.0000 0.0000 0.0000 0.0000
385.4887 30.9475 -12.0256 0.0000 74.0930 -68.7123 0.0000 -12.9433 0.0000 0.0000 70.1073 -18.6696 0.0000 0.0000 0.0000 -9.6619 31.4155 0.0000 0.0000 0.0000 -80.2156 89.3899 38.1250 35.6154 0.0000 0.0000 0.0000 231.1133 0.0000 -213.9770 0.0000
160.1431 27.4670 -19.4014 0.0000 48.8377 -78.3736 41.2774 -8.4150 0.0000 0.0000 83.1765 -5.2920 11.8741 0.0000 -12.1115 -1302.9864 -56.0773 -32.7589 0.0000 -224.6888 2253.3233 941.6567 81.8222 29.9201 0.0000 0.0000 221.5841 -3342.5201 0.0000 1236.3958 0.0000
770.8258 580.4981 -36.2471 -85.5787 218.4034 -843.4791 223.4985 -228.9906 182.3409 154.8584 316.1345 -306.0642 -147.5137 209.0268 0.0000 1056.2458 -55.5769 45.6517 0.0000 273.9341 -1356.6440 -1814.9630 -3.9096 788.2117 0.0000 -410.6238 -240.8674 1607.8682 172.2264 -268.8569 0.0000
93.6181 8.1295 -10.1291 0.0000 35.2958 21.5247 0.0000 -12.7547 0.0000 0.0000 27.7052 0.0000 0.0000 0.0000 0.0000 -53.8681 0.0000 0.0000 0.0000 0.0000 0.0000 64.2582 0.0000 0.0000 0.0000 0.0000 0.0000 86.9645 0.0000 -22.4786 0.0000
0.4165 -0.0133 0.0000 0.0000 0.0037 0.0000 0.0000 0.0000 0.0000 0.0000 0.1338 0.0000 0.0000 0.0000 0.0000 0.0758 0.0000 0.0000 0.0000 0.0000 0.0000 -0.0192 0.0000 0.0000 0.0000 0.0000 0.0000 0.0000 0.0000 0.0000 0.0000
