# numpoly:1.0.6 names:q0,q1,q2,q3,q4 keys:;;;;;,;;;;<,;;;;=,;;;;>,;;;<;,;;;<<,;;;<=,;;;=;,;;;=<,;;;>;,;;<;;,;;<;<,;;<;=,;;<<;,;;<<<,;;=;;,;<;;;,;<;;<,;<;;=,;<;<;,;<;<<,;<<;;,;=;;;,<;;;;,<;;;<,<;;<;,<;;<<,<;<;;,<<;;;,=;;;; shape:9
# onwind solar H2 battery transmission offwind wind tsc gini
923.9293 231.4131 -806.0311 211.1260 -349.9721 646.5033 0.0000 -147.6270 130.8994 0.0000 511.6729 -735.9743 388.2046 202.5922 0.0000 -336.0453 3247.4883 -9.1879 0.0000 154.0563 0.0000 486.4268 -3477.7298 -4561.3562 980.0240 258.3502 -994.8551 0.0000 4801.2376 -1120.6375
574.0595 -1016.2499 471.7194 32.9846 127.4614 619.1824 -343.7066 62.3552 0.0000 -49.9371 -2506.3059 1302.0792 0.0000 147.3670 -892.6905 1445.9889 885.2267 -103.1901 0.0000 -194.5119 124.6498 -552.0924 0.0000 2013.0436 -787.7726 -17.8025 297.7189 -1185.5854 0.0000 0.0000
281.1579 -78.7008 44.9239 6.3887 -629.2984 590.1296 -172.4442 331.1648 -221.5131 0.0000 8.0248 0.0000 0.0000 0.0000 0.0000 0.0000 44.8335 -22.0645 0.0000 -34.9727 0.0000 0.0000 0.0000 34.5977 -33.2158 -102.5661 0.0000 0.0000 55.4502 0.0000
12.8905 -1322.7610 2373.1125 -1229.8623 640.0022 -1219.5982 722.0685 62.0271 -7.5744 -19.2279 -199.9241 180.3257 0.0000 0.0000 0.0000 106.6137 161.6122 -136.3388 1.8852 -36.6887 0.0000 0.0000 0.0000 454.4079 -201.7399 -11.0000 0.0000 -213.8084 -61.3641 0.0000
308.9881 -18.3106 -90.4448 0.0000 76.8545 -24.0929 71.9131 0.0000 0.0000 0.0000 -11.6150 -67.5971 0.0000 77.3072 0.0000 0.0000 264.5687 97.6705 0.0000 -256.6121 0.0000 0.0000 0.0000 -298.6344 156.0579 232.0268 -112.1925 65.8452 -22.7969 0.0000
168.8953 -1.3599 -25.4088 0.0000 -44.9667 38.8906 14.7918 -19.9788 0.0000 0.0000 124.8075 28.9868 -23.3765 -72.1902 0.0000 0.0000 -1820.5272 46.5025 0.0000 39.2046 -63.2332 -136.6396 2023.7114 1830.8909 8.0587 189.2332 0.0000 127.2868 -3149.8847 912.0483
1043.7092 150.1539 -411.1192 147.7901 -11.2659 74.7832 0.0000 -250.1928 247.3775 0.0000 577.5745 -331.1501 15.5081 60.4340 82.4931 -264.6002 1340.9643 0.0000 0.0000 168.5136 0.0000 248.4684 -1300.7928 -2621.2942 710.9658 214.9685 -581.1343 76.7515 1554.7627 -106.7536
88.0774 7.4056 -8.6423 0.0000 34.2877 17.6041 0.0000 -10.4401 0.0000 0.0000 22.1783 0.0000 0.0000 0.0000 0.0000 0.0000 -34.7920 0.0000 0.0000 0.0000 0.0000 0.0000 0.0000 48.0295 0.0000 0.0000 0.0000 0.0000 71.8244 -7.3363
0.2131 0.0000 0.0000 0.0000 0.0000 0.0000 0.0000 0.0000 0.0000 0.0000 0.0000 0.0000 0.0000 0.0000 0.0000 0.0000 0.0000 0.0000 0.0000 0.0000 0.0000 0.0000 0.0000 0.0000 0.0000 0.0000 0.0000 0.0000 0.0000 0.0000
