# numpoly:1.0.6 names:q0,q1,q2,q3,q4 keys:;;;;;,;;;;<,;;;;=,;;;;>,;;;<;,;;;<<,;;;<=,;;;=;,;;;=<,;;;>;,;;<;;,;;<;<,;;<;=,;;<<;,;;<<<,;;=;;,;<;;;,;<;;<,;<;<;,;<;<<,;<<;;,;=;;;,<;;;;,<;;;<,<;;;=,<;;<;,<;;<<,<;<;;,<<;;;,<<;;<,=;;;;,=;;;< shape:9
# onwind solar H2 battery transmission offwind wind tsc gini
550.8288 1261.0334 -1.6943 -197.7421 294.9746 -965.7212 437.6649 -94.0017 0.0000 0.0000 798.6283 -643.6134 -43.2447 -309.0104 718.9658 -240.2769 2603.0860 -1103.0128 178.4452 0.0000 915.8947 -3855.5995 -3342.6548 -56.6412 0.0000 88.8697 -230.5562 -717.3195 5322.7039 1388.4281 -1432.8186 -506.9393
1349.8292 -592.0785 -74.7093 318.7395 297.7580 546.4330 -645.4618 -77.9332 0.0000 0.0000 -2799.6236 1073.5906 199.0959 215.5218 -1057.3718 1214.4655 255.4459 20.0057 -190.3610 302.2880 -318.2115 -508.6219 1563.7748 -947.3619 0.0000 -315.3881 977.0421 -763.9226 1504.0682 -282.6233 -508.3677 0.0000
155.6290 148.4347 -30.5389 0.0000 -397.1638 45.6573 -24.8250 234.8523 0.0000 -28.7459 34.7020 17.6835 0.0000 -35.9289 0.0000 0.0000 53.0166 -23.5824 -6.5775 0.0000 0.0000 0.0000 17.1122 -28.5876 0.0000 -20.5487 0.0000 0.0000 0.9703 0.0000 0.0000 0.0000
168.1777 -854.4334 1116.3755 -492.3807 311.3408 -194.8963 79.1803 82.4513 -132.9860 0.0000 -114.7704 -169.9355 304.7057 177.1172 -198.6059 19.0459 11.6624 0.0000 -16.2793 0.0000 0.0000 0.0000 250.3547 -179.4209 -116.5964 -246.3182 282.0151 -88.5737 0.0000 0.0000 74.1727 0.0000
184.6592 28.0529 -42.5754 0.0000 120.0637 -163.3199 36.6704 -22.4223 44.1040 0.0000 13.3660 -81.7276 0.0000 88.8374 0.0000 0.0000 -19.1921 71.8891 -90.1838 0.0000 0.0000 -19.2773 237.7219 112.4006 0.0000 0.0000 0.0000 0.0000 214.9413 0.0000 -299.7859 0.0000
-82.0370 25.2279 -25.6038 17.6240 62.2950 -9.4213 0.0000 0.0000 0.0000 0.0000 112.8980 -7.9588 0.0000 0.0000 0.0000 0.0000 -1087.4779 -30.3132 -47.1245 0.0000 -366.1366 2274.6194 1364.8121 27.8853 0.0000 20.6029 0.0000 307.0005 -3843.0623 0.0000 1370.5593 0.0000
1059.9816 535.3737 -85.8098 -148.3099 165.2701 -623.1218 424.3563 -99.9586 0.0000 0.0000 759.8955 -486.1016 -30.8010 -162.2452 451.2015 -191.0236 760.7796 -94.9188 104.4989 0.0000 445.3487 -1414.8541 -2320.4889 316.1750 0.0000 227.2890 -366.5951 -332.1300 2177.4533 127.2399 -309.3486 0.0000
87.9740 7.2331 -10.6338 0.0000 34.1099 22.1265 0.0000 -12.4935 0.0000 0.0000 22.0601 0.0000 0.0000 0.0000 0.0000 0.0000 -45.2327 0.0000 0.0000 0.0000 0.0000 0.0000 63.0486 0.0000 0.0000 0.0000 0.0000 0.0000 85.2822 0.0000 -22.8760 0.0000
0.2475 0.0000 0.0000 0.0000 0.0000 0.0000 0.0000 0.0000 0.0000 0.0000 0.0000 0.0000 0.0000 0.0000 0.0000 0.0000 0.0000 0.0000 0.0000 0.0000 0.0000 0.0000 0.0000 0.0000 0.0000 0.0000 0.0000 0.0000 0.0000 0.0000 0.0000 0.0000
