# numpoly:1.0.6 names:q0,q1,q2,q3,q4 keys:;;;;;,;;;;<,;;;;=,;;;;>,;;;<;,;;;<<,;;;<=,;;;=;,;;;=<,;;;>;,;;<;;,;;<;<,;;<;=,;;<<;,;;<=;,;;=;;,;;=;<,;<;;;,;<;;<,;<;;=,;<;<;,;<<;;,;<<;<,;=;;;,<;;;;,<;;;<,<;;;=,<;;<;,<;;=;,<;<;;,<;<<;,<<;;;,<<;;<,=;;;; shape:9
# onwind solar H2 battery transmission offwind wind tsc gini
1268.6783 -458.3130 273.7497 -219.8643 1770.8886 -936.6916 422.2354 -1193.0680 194.9076 12.7716 -322.1828 1441.7152 -633.0756 -128.2348 -28.7658 -319.6148 -84.7234 1763.8759 691.9849 0.0000 314.1615 1033.1318 -590.1583 -4088.2235 -3176.8129 -657.9096 497.5093 -1869.5384 1308.2844 186.1465 0.0000 6672.7764 0.0000 -2253.1309
-25.8477 -605.1494 352.7508 0.0000 323.9637 568.1244 -174.8170 -237.1833 -130.9473 0.0000 -1637.4602 -36.7336 0.0000 -174.5336 486.1006 1408.6293 112.7716 1047.6355 -48.4312 0.0000 -285.7691 -286.8332 0.0000 -470.0271 2020.5483 447.0154 -411.9312 -126.1746 -211.1721 -1978.2383 120.7743 408.2648 0.0000 2.7376
108.8301 68.6376 -160.5831 47.0887 -459.0930 322.8738 0.0000 233.5232 -197.7813 0.0000 50.2189 11.8731 11.7237 43.3264 0.0000 0.0000 0.0000 115.1169 11.0669 0.0000 0.0000 -100.4085 0.0000 -32.4689 -2.9120 -18.1295 0.0000 -60.7556 0.0000 0.0000 0.0000 50.0962 0.0000 0.0000
931.0327 -5262.6274 8819.4066 -4559.4167 1323.8623 -2474.2543 1395.9037 0.0000 0.0000 0.0000 53.4046 -182.3649 147.0684 -20.0812 0.0000 0.0000 0.0000 -38.0470 -34.6818 46.1826 -9.0346 87.9002 0.0000 -52.5622 760.4161 -1471.1386 833.6734 25.7291 0.0000 -137.3049 0.0000 297.7599 -225.7404 0.0000
110.4680 100.0297 -29.7067 -12.6014 205.1171 -67.6018 24.0382 -59.7732 0.0000 0.0000 2.7145 0.0000 0.0000 -76.3118 0.0000 -5.8323 0.0000 92.6694 0.0000 0.0000 -98.9618 25.8092 0.0000 0.0000 184.6733 0.0000 0.0000 183.3553 -0.8206 107.8941 0.0000 20.5583 0.0000 -259.8658
-15.4277 87.0580 -22.7598 0.0000 104.4821 -32.4833 10.3772 -56.9869 0.0000 0.0000 116.7598 -56.2074 14.6874 -65.2034 0.0000 0.0000 0.0000 -1421.7238 -60.2158 0.0000 -10.6952 -144.4945 0.0000 2451.8430 1492.6357 56.9561 0.0000 109.5778 0.0000 127.2676 0.0000 -4115.3937 0.0000 1529.6005
1274.8772 333.7290 44.7270 -219.1151 784.0865 -900.0136 524.9916 -414.2233 64.0901 0.0000 421.4265 348.4511 -303.5598 -255.5974 0.0000 -404.6424 0.0000 549.9184 119.0801 0.0000 285.6957 429.3340 0.0000 -1471.8351 -2235.9089 -420.4756 339.0932 -499.9216 412.8159 366.4556 0.0000 2458.9682 0.0000 -644.7439
107.9375 -32.6727 -9.8616 13.7257 9.4712 150.7100 -74.2798 -32.4398 0.0000 0.0000 22.9170 0.0000 0.0000 0.0000 0.0000 0.0000 0.0000 -54.2962 0.0000 0.0000 3.0995 0.0000 0.0000 0.0000 60.6163 3.2388 0.0000 0.0000 0.0000 0.0000 0.0000 98.7284 0.0000 -28.1028
0.2821 0.0000 0.0000 0.0000 0.0000 0.0000 0.0000 0.0000 0.0000 0.0000 0.0000 0.0000 0.0000 0.0000 0.0000 0.0000 0.0000 0.0000 0.0000 0.0000 0.0000 0.0000 0.0000 0.0000 0.0000 0.0000 0.0000 0.0000 0.0000 0.0000 0.0000 0.0000 0.0000 0.0000
