# numpoly:1.0.6 names:q0,q1,q2,q3,q4 keys:;;;;;,;;;;<,;;;;=,;;;;>,;;;<;,;;;<<,;;;<=,;;;=;,;;;=<,;;;>;,;;<;;,;;<;<,;;<;=,;;<<;,;;<<<,;;<=;,;;=;;,;;=;<,;<;;;,;<;;<,;<;;=,;<;<;,;<;<<,;<;=;,;<<;;,;<<;<,;<<<;,;=;;;,;=;;<,;=;<;,;=<;;,<;;;;,<;;;<,<;;;=,<;;<;,<;;<<,<;;=;,<;<;;,<;<<;,<;=;;,<<;;;,<<;;<,<<;<;,<=;;;,=;;;;,=;;;<,=;;<;,>;;;; shape:9
# onwind solar H2 battery transmission offwind wind tsc gini
6018.7555 1491.2550 622.1452 -474.0416 2735.3340 -2002.2068 116.5974 -2436.2644 659.1224 964.5203 1531.0505 -1075.7810 0.0000 -1269.2786 1009.4231 541.9304 -31.9484 0.0000 -12682.8024 -999.1851 216.9534 1583.3214 0.0000 -1535.0668 390.0327 0.0000 0.0000 5971.0656 -1288.6104 0.0000 0.0000 -9398.3523 -618.7709 0.0000 -1441.3705 17.8761 674.3310 -902.8897 0.0000 0.0000 18475.8981 3898.3759 816.5330 -9070.2977 -236.1860 -1467.1010 0.0000 0.0000
1445.6608 -711.7433 -38.9967 457.8867 259.9077 1029.0090 -910.4039 -87.0353 -53.6897 0.0000 -3161.3385 875.9820 0.0000 -57.2111 -457.3069 0.0000 1525.7326 0.0000 793.7611 -45.2211 0.0000 14.2128 0.0000 0.0000 -546.5319 0.0000 0.0000 -936.7659 0.0000 0.0000 0.0000 2171.7760 -1010.1689 0.0000 -332.3208 769.4857 0.0000 -890.4515 0.0000 0.0000 1941.5483 0.0000 0.0000 0.0000 -950.4610 0.0000 0.0000 0.0000
141.0185 104.3681 -7.0124 0.0000 -438.4716 44.5301 -17.4112 348.1499 0.0000 -62.3490 -0.6497 8.7745 0.0000 13.8566 0.0000 0.0000 0.0000 0.0000 63.5936 -14.4381 0.0000 -23.6794 0.0000 0.0000 0.0000 0.0000 0.0000 0.0000 0.0000 0.0000 0.0000 114.4422 -30.5292 0.0000 -136.6793 0.0000 0.0000 0.0000 0.0000 0.0000 0.0000 0.0000 0.0000 0.0000 0.0000 0.0000 0.0000 0.0000
41.4274 -964.8434 1101.4172 -588.6341 55.8696 -47.5871 419.7160 288.3180 -413.3244 0.0000 -107.5308 78.7144 0.0000 -25.0683 0.0000 0.0000 0.0000 0.0000 386.9013 0.0000 0.0000 0.0000 0.0000 0.0000 43.7635 0.0000 0.0000 -245.4145 0.0000 0.0000 0.0000 408.2635 -152.2238 0.0000 -61.4324 0.0000 0.0000 -77.8868 0.0000 0.0000 0.0000 0.0000 0.0000 0.0000 -64.3707 0.0000 0.0000 0.0000
350.3861 12.0442 -9.8111 0.0000 84.7493 -94.7320 0.0000 -35.0339 22.2471 0.0000 35.0912 -21.3607 0.0000 6.5037 0.0000 0.0000 0.0000 0.0000 -20.9827 70.7728 0.0000 -53.9129 0.0000 0.0000 0.0000 0.0000 0.0000 0.0000 0.0000 0.0000 0.0000 -153.0043 42.6490 0.0000 87.5587 0.0000 0.0000 0.3787 0.0000 0.0000 153.6088 0.0000 0.0000 0.0000 -60.4728 0.0000 0.0000 0.0000
174.4007 27.8361 -60.4604 36.2012 106.9712 -26.3818 0.0000 0.0000 0.0000 0.0000 91.7866 2.0806 0.0000 0.0000 0.0000 0.0000 0.0000 0.0000 -1313.3104 -80.2297 0.0000 -104.8275 0.0000 0.0000 -394.0713 0.0000 0.0000 2279.6158 0.0000 0.0000 0.0000 934.4815 124.1032 -11.1780 52.7461 0.0000 0.0000 369.7469 0.0000 0.0000 -3408.5597 0.0000 0.0000 0.0000 1295.0682 0.0000 0.0000 0.0000
-21994.3674 3355.5860 -805.4439 707.4153 -15648.3513 3668.1024 970.8626 10698.9035 -1135.8321 -1435.8639 -4950.4827 -7080.8776 903.4682 10222.9970 -1685.8013 7.6206 -1814.3138 1091.0272 55127.5511 -7377.1469 -3632.7236 -9627.1697 -794.1033 998.1002 7529.2038 6529.8450 -4316.4882 -35333.8813 8084.6829 7473.0676 -3795.6778 34241.7088 6181.0734 1239.4747 15872.1109 -1592.3501 -9055.9612 3740.4025 -7159.6666 819.0466 -41013.0125 -8649.4642 0.0000 26587.3252 -28793.8638 -143.2374 2344.3348 9811.2605
42.1416 8.5277 -9.2178 0.0000 30.6107 19.4482 0.0000 -7.8812 0.0000 0.0000 22.2171 0.0000 0.0000 0.0000 0.0000 0.0000 0.0000 0.0000 -6.3638 0.0000 0.0000 0.0000 0.0000 0.0000 0.0000 0.0000 0.0000 -8.2304 0.0000 0.0000 0.0000 148.9108 -0.8322 0.0000 0.0000 0.0000 0.0000 0.0000 0.0000 0.0000 55.8431 0.0000 0.0000 0.0000 -58.8783 0.0000 0.0000 0.0000
0.2316 0.0000 0.0000 0.0000 0.0000 0.0000 0.0000 0.0000 0.0000 0.0000 0.0000 0.0000 0.0000 0.0000 0.0000 0.0000 0.0000 0.0000 0.0000 0.0000 0.0000 0.0000 0.0000 0.0000 0.0000 0.0000 0.0000 0.0000 0.0000 0.0000 0.0000 0.0000 0.0000 0.0000 0.0000 0.0000 0.0000 0.0000 0.0000 0.0000 0.0000 0.0000 0.0000 0.0000 0.0000 0.0000 0.0000 0.0000
