# numpoly:1.0.6 names:q0,q1,q2,q3,q4 keys:;;;;;,;;;;<,;;;;=,;;;;>,;;;<;,;;;<<,;;;<=,;;;=;,;;;=<,;;<;;,;;<;<,;;<;=,;;<<;,;;=;;,;<;;;,;<;;<,;<;<;,;<<;;,;=;;;,<;;;;,<;;;<,<;;;=,<;;<;,<;;<<,<;<;;,<;<;<,<<;;;,=;;;; shape:9
# onwind solar H2 battery transmission offwind wind tsc gini
1708.9753 -202.7386 -82.3642 71.7435 40.0746 488.4295 -188.3420 -178.0545 0.0000 240.6032 128.6960 0.0000 -47.5641 -115.6993 1810.8748 0.0000 129.7387 94.9735 -2731.1874 -2924.4042 81.0039 0.0000 -28.7856 0.0000 162.4081 -170.2066 4072.0573 -1046.7052
129.0124 -268.3896 264.8232 -140.0600 83.6469 -324.8479 119.5379 125.3390 0.0000 -743.7827 433.0158 -256.2134 102.5015 273.9190 130.9787 98.4800 102.5680 63.5922 188.6890 1130.1824 -330.1172 300.5402 -274.6711 -59.5559 -383.3078 0.0000 -1010.6554 469.7572
129.8779 153.5538 -198.8012 156.8511 -150.2057 98.7629 -200.3017 12.4542 71.3449 21.6986 -35.3557 0.0000 11.5848 0.0000 -8.5670 -15.2983 25.6268 0.0000 0.0000 3.3834 80.8553 0.0000 -61.4815 0.0000 0.0000 0.0000 0.0000 0.0000
102.7956 -351.5443 1255.7551 -1064.8608 420.3176 -1667.5791 1557.1974 241.5252 -404.3332 -59.2558 25.3796 0.0000 -29.5708 22.8554 -65.2946 41.8292 -7.8624 0.0000 0.0000 -42.6388 -104.8312 0.0000 155.7665 0.0000 0.0000 0.0000 53.8799 0.0000
49.7226 38.9754 74.6584 -55.9189 -43.4295 -13.1590 0.0000 100.7875 0.0000 20.6362 4.3313 0.0000 -30.9904 24.2403 10.7210 53.4493 0.0000 0.0000 0.0000 483.2928 -136.2335 0.0000 -34.4243 39.5947 -8.8637 0.0000 -174.5942 3.8442
8.0746 19.5422 2.0530 0.0000 8.6217 0.0000 0.0000 10.6484 0.0000 0.1007 0.0000 0.0000 0.0000 0.0000 -411.8005 -22.0793 -54.9712 0.0000 794.2383 406.9446 2.0237 0.0000 38.7240 0.0000 0.0000 0.0000 -1237.9365 437.4305
1685.3490 -55.6305 -116.5553 100.0836 60.6220 512.0544 -208.1806 -158.3049 0.0000 423.6957 -9.2296 0.0000 -44.3388 -163.5411 1230.5844 -32.7510 45.3962 96.5877 -1780.5028 -2469.9333 -50.2518 0.0000 0.0000 0.0000 33.2844 0.0000 2743.2215 -525.0911
88.7391 6.7894 -10.1948 0.0000 36.6010 22.2334 0.0000 -13.8526 0.0000 22.6120 0.0000 0.0000 0.0000 0.0000 -40.3358 0.0000 0.0000 0.0000 0.0000 58.9693 0.0000 0.0000 0.0000 0.0000 0.0000 0.0000 79.8533 -16.2934
0.2226 0.0000 0.0000 0.0000 0.0000 0.0000 0.0000 0.0000 0.0000 0.0000 0.0000 0.0000 0.0000 0.0000 0.0000 0.0000 0.0000 0.0000 0.0000 0.0000 0.0000 0.0000 0.0000 0.0000 0.0000 0.0000 0.0000 0.0000
