# numpoly:1.0.6 names:q0,q1,q2,q3,q4 keys:;;;;;,;;;;<,;;;;=,;;;;>,;;;<;,;;;<<,;;;<=,;;;=;,;;;=<,;;<;;,;;<;<,;;<;=,;;<<;,;;=;;,;<;;;,;<;;<,;<;<;,;<;<<,;<<;;,;=;;;,<;;;;,<;;;<,<;;<;,<;;<<,<;<;;,<<;;;,=;;;; shape:9
# onwind solar H2 battery transmission offwind wind tsc gini
1571.0382 -149.9731 -42.5933 0.0000 -46.9774 465.3247 -30.3680 -110.7456 0.0000 701.9780 -32.2145 0.0000 11.6647 -280.6488 1549.3149 200.1358 321.2551 -280.1061 31.1751 -2376.0379 -2585.1000 -69.0089 -194.0627 20.0071 65.8528 3361.8222 -749.7340
588.6113 -130.7670 -37.0394 54.5171 117.2887 -66.4935 0.0000 26.5823 0.0000 -1118.7843 185.0747 0.0000 -13.2045 503.7122 34.3552 36.6213 -91.6472 0.0000 -46.9086 -296.0515 567.3030 -143.7040 31.9324 0.0000 -408.6002 875.3960 -341.4594
128.5052 136.6958 -142.7624 112.4791 -193.8831 143.2620 -172.8979 18.3013 29.2997 15.3119 -64.1154 0.0000 41.1149 0.0000 3.7822 13.2436 -14.7385 0.0000 0.0000 0.0000 5.1436 46.1636 -18.4698 0.0000 0.0000 0.0000 0.0000
-22.9511 -185.7831 817.7637 -724.8888 523.9921 -1559.3058 1328.3604 173.2609 -287.5041 -137.8561 251.5293 -27.6873 -166.6973 0.0000 55.2277 -102.0163 67.9989 0.0000 0.0000 0.0000 101.1086 -150.2496 130.2669 -1.6549 61.5485 0.0000 -68.9204
48.0329 -203.6135 353.0383 -179.1912 -43.0563 -27.6213 0.0000 117.5878 0.0000 80.1324 29.0506 0.0000 0.0000 0.0000 151.6168 0.0000 44.0215 0.0000 -37.6246 122.4234 307.5861 -10.5613 -76.0365 0.0000 -1.5935 -595.4220 261.8734
79.7692 6.3207 4.3600 0.0000 0.1563 -10.2432 0.0000 9.1447 0.0000 -3.4931 5.2123 0.0000 -10.9335 0.0000 -445.9069 -16.8174 -12.8183 0.0000 0.0000 718.6798 297.4389 17.2426 35.0782 0.0000 0.0000 -1086.2065 424.0558
1706.4683 -1.9788 -42.2078 0.0000 92.6506 216.6568 -20.6117 -90.4461 0.0000 600.4266 -18.1703 0.0000 0.0000 -215.0227 1012.2016 -10.9181 105.3625 0.0000 49.9278 -1489.4979 -2337.2635 -22.8056 -129.4131 0.0000 26.7752 2189.3482 -250.0698
100.0326 7.6659 -10.8332 0.0000 33.6433 22.2198 0.0000 -11.1957 0.0000 23.5053 0.0000 0.0000 0.0000 0.0000 -53.5703 0.0000 0.0000 0.0000 0.0000 0.0000 51.8812 0.0000 0.0000 0.0000 0.0000 96.9482 -20.2850
0.1451 -0.0257 0.0000 0.0000 0.0000 0.0000 0.0000 0.0000 0.0000 0.0000 0.0000 0.0000 0.0000 0.0000 0.0000 0.0000 0.0000 0.0000 0.0000 0.0000 0.0000 0.0000 0.0000 0.0000 0.0000 0.0000 0.0000
