# numpoly:1.0.6 names:q0,q1,q2,q3,q4 keys:;;;;;,;;;;<,;;;;=,;;;;>,;;;<;,;;;<<,;;;<=,;;;=;,;;;=<,;;<;;,;;<;<,;;<;=,;;<<;,;;<<<,;;=;;,;<;;;,;<;;<,;<;<;,;<<;;,;=;;;,<;;;;,<;;;<,<;;;=,<;;<;,<;<;;,<;<;<,<<;;;,=;;;; shape:9
# onwind solar H2 battery transmission offwind wind tsc gini
1537.0789 -130.2883 -175.9281 130.5786 21.3033 473.2169 -215.4826 -129.2475 0.0000 391.3710 65.3399 0.0000 -4.5856 0.0000 -277.2450 2089.1505 -55.0322 91.1427 227.0120 -3373.1902 -3282.1938 169.5134 0.0000 -79.2219 167.7211 -139.2895 5222.8589 -1517.2031
-31.2365 335.3443 285.8411 -190.4427 202.3077 -741.6783 275.9028 123.7769 0.0000 -616.7192 -57.4219 -272.5249 -27.9438 149.4627 556.4650 -69.8163 125.3111 0.0000 147.3372 0.0000 1598.3843 -998.9461 310.3129 -104.4230 -1230.5392 600.9291 -360.5078 274.9912
104.8355 171.4857 -188.3401 114.4495 -180.0569 84.0343 -119.0795 93.3218 0.0000 11.9360 -36.0162 0.0000 19.0946 0.0000 0.0000 12.6474 -8.3215 0.0000 0.0000 0.0000 45.1879 82.9436 0.0000 -112.0689 0.0000 0.0000 0.0000 0.0000
-33.1842 -230.7282 1142.8611 -982.9800 657.8758 -1736.6437 1317.5793 64.0310 -146.8132 -19.1658 60.5626 0.0000 -77.3471 0.0000 7.1515 0.1920 38.4675 -53.1878 0.0000 0.0000 26.5594 -319.5414 178.4779 188.6055 0.0000 0.0000 30.0571 -30.0153
198.7920 27.7904 -27.3184 0.0000 -88.3092 24.5036 0.0000 95.5269 0.0000 12.4556 24.2739 0.0000 0.0000 0.0000 0.0000 -256.1005 57.6854 0.0000 0.0000 -60.3594 511.2709 -91.3618 0.0000 -11.6082 22.1323 0.0000 341.1509 -345.4782
107.0161 -1.5902 6.2549 0.0000 -29.7213 25.4031 0.0000 -9.3791 0.0000 -2.9207 0.0000 0.0000 -1.7172 0.0000 0.0000 -800.5221 0.0000 -1.0843 0.0000 1444.7219 663.7688 -23.7904 0.0000 55.5464 0.0000 0.0000 -2350.8595 933.3362
1615.4232 -37.4395 -132.5469 114.2079 24.7864 506.0344 -218.7263 -147.1713 0.0000 530.0317 -60.5949 0.0000 -28.6794 0.0000 -269.9637 1176.4525 -61.4552 63.6624 137.6181 -1757.7829 -2612.9783 15.0075 0.0000 -2.6331 101.4041 0.0000 2769.8056 -504.2780
80.2657 6.1617 -8.2410 0.0000 34.1370 19.3226 0.0000 -10.9961 0.0000 22.1467 0.0000 0.0000 0.0000 0.0000 0.0000 -36.0393 0.0000 0.0000 0.0000 0.0000 72.1282 0.0000 0.0000 0.0000 0.0000 0.0000 74.0302 -22.4650
0.2543 0.0000 0.0000 0.0000 0.0000 0.0000 0.0000 0.0000 0.0000 0.0000 0.0000 0.0000 0.0000 0.0000 0.0000 0.0000 0.0000 0.0000 0.0000 0.0000 0.0000 0.0000 0.0000 0.0000 0.0000 0.0000 0.0000 0.0000
