# numpoly:1.0.6 names:q0,q1,q2,q3,q4 keys:;;;;;,;;;;<,;;;;=,;;;;>,;;;<;,;;;<<,;;;<=,;;;=;,;;;=<,;;;>;,;;<;;,;;<;<,;;<;=,;;<<;,;;<<<,;;=;;,;;=;<,;;=<;,;<;;;,;<;;<,;<;;=,;<;<;,;<;<<,;<<;;,;=;;;,<;;;;,<;;;<,<;;;=,<;;<;,<;;<<,<;;=;,<;<;;,<;<<;,<<;;;,<<;;<,=;;;; shape:9
# onwind solar H2 battery transmission offwind wind tsc gini
841.6971 -200.6221 258.5557 576.7952 1801.2822 -445.2640 -1174.7820 -1462.9660 773.9842 312.6949 -35.2448 547.6753 -39.4728 -530.8188 0.0000 -179.5300 -333.6256 223.0708 2931.5921 -607.1570 0.0000 -615.9794 713.7489 0.0000 -4581.7343 -3302.2482 500.7981 -823.5745 -371.7321 217.0377 408.6804 422.2872 0.0000 7573.2195 410.3371 -3008.3387
-647.3026 1010.3900 -480.4105 0.0000 1071.9827 -1013.9738 -147.9843 -154.5446 402.6796 0.0000 -343.5134 -469.0005 -89.1338 -1081.3314 1299.2145 1085.9937 0.0000 0.0000 584.9816 761.6286 -538.1229 76.5866 0.0000 -623.6530 0.0000 1582.3853 -1387.2887 1348.7606 -235.5836 -545.9013 0.0000 -1296.8306 378.4939 121.1711 0.0000 4.2778
-33.7071 304.1949 -91.7437 -60.0555 -31.9298 -403.2443 264.7131 72.8225 0.0000 0.0000 24.5625 0.0000 0.0000 0.0000 0.0000 0.0000 0.0000 0.0000 18.6341 31.2088 0.0000 -11.1956 0.0000 0.0000 0.0000 -42.6033 -11.7548 0.0000 12.7359 0.0000 0.0000 0.0000 0.0000 0.0000 0.0000 0.0000
-5.2307 -1425.5639 1724.9312 0.0000 727.4634 835.3647 -1827.7512 -747.9227 725.6015 0.0000 302.3891 -217.4342 104.3774 116.2612 0.0000 10.0037 0.0000 0.0000 625.9533 52.5186 0.0000 0.0000 0.0000 -99.7641 -190.7019 0.3150 -640.0200 0.0000 -556.3870 652.1961 0.0000 0.0000 0.0000 0.0000 0.0000 35.0899
451.6206 127.1301 -105.4101 0.0000 -34.4187 64.4053 74.7818 -17.4248 -48.1204 0.0000 131.8638 -33.2730 0.0000 -34.8193 0.0000 -25.0172 0.0000 0.0000 -35.5816 -85.2502 0.0000 99.6822 0.0000 0.0000 0.0000 118.4180 97.1364 0.0000 -23.7981 0.0000 0.0000 4.2020 0.0000 0.0000 0.0000 -85.5893
-122.3280 225.4435 202.6288 -258.0800 50.8153 -377.5551 579.6571 145.0852 -251.9928 0.0000 38.3233 -19.6663 75.2958 27.4026 -44.1977 0.0000 0.0000 0.0000 -1273.3461 -223.3913 0.0000 29.7147 -47.9270 157.3845 2635.4494 1414.7892 11.5625 0.0000 -29.0573 0.0000 0.0000 -34.4028 0.0000 -4609.2385 0.0000 1830.1683
1505.0080 -752.0742 641.0736 219.8622 150.8268 89.8602 -526.0407 -172.4652 288.9242 0.0000 286.2341 56.3289 0.0000 -118.4113 -80.4970 -281.4656 0.0000 0.0000 961.1457 0.0000 0.0000 -134.5725 0.0000 68.5699 -1765.3954 -2318.6669 939.5049 -845.0805 200.6429 151.7074 0.0000 312.5135 0.0000 3113.9155 0.0000 -1088.8409
84.2219 30.7831 -12.3119 0.0000 26.1688 21.4053 0.0000 -13.3624 0.0000 0.0000 36.7998 0.0000 0.0000 0.0000 0.0000 0.0000 0.0000 0.0000 -46.1177 0.0000 0.0000 0.0000 0.0000 0.0000 0.0000 49.2750 0.0000 0.0000 0.0000 0.0000 0.0000 0.0000 0.0000 87.6967 0.0000 -25.0699
0.6255 -0.0061 0.0000 0.0000 -0.0119 0.0000 0.0000 0.0000 0.0000 0.0000 0.0462 0.0000 0.0000 0.0000 0.0000 0.0000 0.0000 0.0000 -0.0257 0.0000 0.0000 0.0000 0.0000 0.0000 0.0000 0.0055 0.0000 0.0000 0.0000 0.0000 0.0000 0.0000 0.0000 0.0000 0.0000 0.0000
