# numpoly:1.0.6 names:q0,q1,q2,q3,q4 keys:;;;;;,;;;;<,;;;;=,;;;;>,;;;<;,;;;<<,;;;<=,;;;=;,;;;=<,;;<;;,;;<;<,;;<;=,;;<<;,;;<<<,;;=;;,;;=;<,;<;;;,;<;;<,;<;;=,;<;<;,;<<;;,;=;;;,<;;;;,<;;;<,<;;;=,<;;<;,<;;<<,<;<;;,<;<;<,<<;;;,=;;;; shape:9
# onwind solar H2 battery transmission offwind wind tsc gini
934.9704 64.5844 -98.3909 60.4489 741.9347 -454.3093 0.0000 -418.4128 397.1768 164.0528 -244.5627 0.0000 57.0168 108.0814 -313.4062 0.0000 2677.5008 120.6136 -160.0139 112.1258 554.6472 -4234.5307 -3509.5952 388.0139 0.0000 -502.7523 0.0000 193.5574 0.0000 6660.5880 -2392.8053
978.1450 -862.6701 857.8589 -216.9858 92.1374 -507.6526 282.6263 147.3408 -118.5106 -2225.5408 1784.8515 -602.3496 -272.7413 0.0000 1915.0218 -484.4299 14.5543 0.0000 0.0000 0.0000 -394.2288 -92.1258 1278.3946 -1082.9779 169.9557 289.3006 0.0000 -2079.8503 482.2304 739.8906 280.2485
169.9835 197.3664 -207.3188 113.8251 -355.5087 172.7486 -131.0805 134.0637 -7.1440 10.2369 -36.3849 0.0000 18.9386 0.0000 0.0000 0.0000 23.3171 3.8924 0.0000 -0.0035 0.0000 0.0000 16.7827 32.1994 0.0000 -59.8487 0.0000 0.0000 0.0000 8.2557 0.0000
-31.5200 -516.1852 1728.4591 -1225.9909 824.3012 -1719.9000 1067.7933 4.6240 0.0000 -230.9913 183.8937 0.0000 -91.0002 0.0000 164.2556 0.0000 33.2776 -40.8754 0.0000 0.0000 0.0000 0.0000 223.7500 -659.2894 372.9505 64.6406 0.0000 -167.6672 0.0000 0.0000 87.8599
226.9178 -23.0293 -19.5677 0.0000 128.2013 -35.7832 27.3866 16.4331 0.0000 150.3036 0.0000 0.0000 0.0000 0.0000 -9.1806 0.0000 104.5139 75.4442 0.0000 -217.1215 5.2842 0.0000 -115.9402 -27.6667 0.0000 133.1125 0.0000 -99.4845 0.0000 120.3681 0.0000
24.4479 86.9653 0.0000 0.0000 -101.1879 -4.3358 0.0000 13.8550 0.0000 96.9648 -27.3319 0.0000 0.0000 0.0000 0.0000 0.0000 -1443.8397 0.0000 0.0000 -0.8195 -202.8940 2452.8289 1620.0834 -71.6830 0.0000 150.9059 0.0000 159.4625 0.0000 -4094.2690 1442.9578
1023.2363 180.8910 -260.5626 88.5695 459.0210 -115.6503 -43.2303 -339.3713 300.8392 388.1619 -209.6308 0.0000 106.3696 0.0000 -387.3422 0.0000 1178.8675 -76.9002 0.0000 87.3143 256.8047 -1621.4332 -2040.4222 365.7575 0.0000 -284.3858 -79.3350 417.3077 0.0000 2480.7769 -873.3781
82.7867 6.9010 -9.3188 0.0000 35.0642 19.8123 0.0000 -12.4021 0.0000 21.3541 0.0000 0.0000 0.0000 0.0000 0.0000 0.0000 -36.9173 0.0000 0.0000 0.0000 0.0000 0.0000 61.0001 0.0000 0.0000 0.0000 0.0000 0.0000 0.0000 74.8705 -17.1630
0.2340 0.0000 0.0000 0.0000 0.0000 0.0000 0.0000 0.0000 0.0000 0.0000 0.0000 0.0000 0.0000 0.0000 0.0000 0.0000 0.0000 0.0000 0.0000 0.0000 0.0000 0.0000 0.0000 0.0000 0.0000 0.0000 0.0000 0.0000 0.0000 0.0000 0.0000
