# numpoly:1.0.6 names:q0,q1,q2,q3,q4 keys:;;;;;,;;;;<,;;;;=,;;;;>,;;;<;,;;;<<,;;;<=,;;;=;,;;<;;,;;<;<,;;<<;,;;=;;,;<;;;,;<;;<,;<;<;,;<;<<,;<<;;,;=;;;,<;;;;,<;;;<,<;;;=,<;;<;,<;;<<,<;<;;,<<;;;,=;;;; shape:9
# onwind solar H2 battery transmission offwind wind tsc gini
1575.6886 -163.9434 225.9858 -187.6378 -72.0988 -88.8704 354.4518 -4.0473 417.8963 -44.9257 -10.8892 -44.3686 985.4753 177.3334 522.7197 -390.7431 83.9495 -1924.8430 -2245.5187 311.8514 -155.9704 -262.0902 0.0000 -135.9994 2680.5126 -396.8357
1060.0977 -364.0820 9.5313 155.7358 92.4785 310.3763 -278.9326 -12.7313 -1665.4041 304.5576 -116.8479 837.7474 158.4214 0.0000 -46.9167 0.0000 -175.2496 -512.5275 773.9706 -270.7346 0.0000 65.9124 28.9224 -547.4949 1255.8704 -487.4724
162.3963 200.1625 -184.7411 107.4149 -291.3474 223.6819 -176.4045 64.2741 10.4053 -60.3629 27.6189 0.0000 -35.8821 25.5939 -29.7015 0.0000 0.0000 0.0000 21.6990 8.8598 0.0000 0.0000 0.0000 0.0000 0.0000 0.0000
-69.6008 -200.1706 748.8977 -559.9358 849.3228 -1925.2196 1165.8748 -22.9627 -116.7473 167.2785 -40.4176 0.0000 74.5511 -106.7594 69.7763 0.0000 0.0000 -20.2756 -47.2813 2.5139 0.0000 18.7924 0.0000 0.0000 109.6084 -6.3706
136.2267 -129.2978 191.4914 -82.5622 73.2381 -14.6944 0.0000 74.8097 49.9590 13.5293 -13.9927 0.0000 146.6911 0.0000 16.6364 0.0000 -42.9810 127.5342 454.6250 -16.2603 0.0000 -58.0806 0.0000 0.0000 -466.4292 67.8969
22.1797 -8.3626 9.4719 0.0000 32.2753 0.0000 0.0000 1.8590 19.1273 0.0000 0.0000 0.0000 -295.4118 9.7996 -69.2471 0.0000 0.0000 536.1714 182.2917 -17.2223 0.0000 51.2027 0.0000 0.0000 -758.8152 289.2515
1542.6138 196.4540 104.5680 -164.9468 145.2783 -354.2871 296.3131 0.0000 439.0485 -48.7481 -5.8980 -68.7380 655.5707 -75.1131 188.9858 0.0000 90.3384 -1222.6334 -2097.4530 90.7585 0.0000 -194.8263 0.0000 -93.0422 1828.3406 -33.2578
93.9466 8.3413 -11.0907 0.0000 34.1429 22.8289 0.0000 -12.5038 27.5870 0.0000 0.0000 0.0000 -55.1854 0.0000 0.0000 0.0000 0.0000 0.0000 66.3949 0.0000 0.0000 0.0000 0.0000 0.0000 88.0549 -24.2791
0.4277 0.0301 0.0000 0.0000 0.0922 0.0000 0.0000 0.0000 0.0480 0.0000 0.0000 0.0000 -0.0298 0.0000 0.0000 0.0000 0.0000 0.0000 0.0340 0.0000 0.0000 0.0000 0.0000 0.0000 0.0000 0.0000
