# numpoly:1.0.6 names:q0,q1,q2,q3,q4 keys:;;;;;,;;;;<,;;;;=,;;;;>,;;;<;,;;;<<,;;;<=,;;;=;,;;;=<,;;;>;,;;<;;,;;<;<,;;<;=,;;<<;,;;<<<,;;=;;,;<;;;,;<;;<,;<;<;,;<;<<,;<<;;,;=;;;,<;;;;,<;;;<,<;;<;,<;;<<,<;;=;,<;<;;,<<;;;,<<;;<,=;;;;,=;;;< shape:9
# onwind solar H2 battery transmission offwind wind tsc gini
496.1900 552.3079 115.3941 -22.1958 127.3277 -759.9546 48.3780 -111.8735 248.6735 0.0000 275.2418 -321.8167 -194.7260 -433.3152 615.4319 0.0000 2569.0167 -464.8365 480.5336 -357.7938 677.9782 -3831.8897 -2651.0835 281.7753 450.1041 0.0000 -199.4194 -535.7446 4588.2000 1032.6473 -1260.5474 -681.2769
1703.7125 -593.5165 -98.3057 495.8544 350.7345 963.8511 -942.5713 -101.1310 -28.0897 0.0000 -3200.2590 865.1421 0.0000 -188.2137 -365.9804 1750.1824 615.3050 -124.0206 -63.2292 101.9825 -555.3302 -1013.1883 2105.0671 -980.5965 -310.6125 677.8324 0.0000 -1100.7864 2159.0518 0.0000 -969.7989 0.0000
153.8905 109.4009 31.4369 0.0000 -622.3606 81.7579 -44.0354 559.6869 0.0000 -154.9937 13.9444 0.0000 0.0000 33.2497 0.0000 0.0000 72.2112 -18.0039 -19.1207 0.0000 0.0000 0.0000 113.6301 -65.9704 -143.2394 0.0000 0.0000 0.0000 11.5811 0.0000 0.0000 0.0000
476.8596 -1177.0017 1205.0317 -677.0915 0.4572 29.7854 448.2866 323.3129 -465.5307 0.0000 -179.6275 76.5944 0.0000 0.0000 0.0000 8.6223 -42.5364 38.7695 -62.9818 0.0000 0.0000 0.0000 183.1378 -90.2438 -41.4712 0.0000 0.0000 0.0000 8.6598 0.0000 0.0000 0.0000
364.7905 39.0829 -29.6054 0.0000 98.8239 -67.6774 12.3037 -31.1112 0.0000 0.0000 50.8425 0.0000 0.0000 0.0000 0.0000 0.0000 18.7765 18.9579 0.0000 0.0000 11.2536 -93.3655 111.8375 38.5038 25.6981 0.0000 0.0000 0.0000 206.6587 0.0000 -212.8880 0.0000
157.5238 -41.0765 23.0823 0.0000 108.3841 -8.5636 0.0000 -23.8257 0.0000 0.0000 125.4885 -6.9879 0.0000 0.0000 0.0000 -34.4512 -1339.6232 -77.6123 -94.2885 0.0000 -274.3988 2386.6911 902.1461 116.0770 47.4737 -24.9212 0.0000 278.2828 -3430.9725 0.0000 1256.4681 0.0000
889.6802 540.9435 -63.3765 -37.4410 131.8223 -884.5733 140.6554 -81.3496 212.6797 37.8855 292.2280 -345.1141 0.0000 -206.2757 278.1636 0.0000 749.2189 61.8977 129.5707 0.0000 293.0086 -1268.9551 -1770.2097 134.2681 730.5104 0.0000 -341.3486 -183.9908 1689.0889 0.0000 -353.5472 0.0000
87.8642 10.1380 -11.3582 0.0000 39.2273 20.9658 0.0000 -14.9042 0.0000 0.0000 28.6127 0.0000 0.0000 0.0000 0.0000 0.0000 -47.1083 0.0000 0.0000 0.0000 0.0000 0.0000 70.8698 0.0000 0.0000 0.0000 0.0000 0.0000 79.2560 0.0000 -21.3076 0.0000
0.4109 -0.0094 0.0000 0.0000 -0.0105 0.0000 0.0000 0.0000 0.0000 0.0000 0.1513 0.0000 0.0000 0.0000 0.0000 0.0000 0.0648 0.0000 0.0000 0.0000 0.0000 0.0000 -0.0232 0.0000 0.0000 0.0000 0.0000 0.0000 0.0000 0.0000 0.0000 0.0000
