# numpoly:1.0.6 names:q0,q1,q2,q3,q4 keys:;;;;;,;;;;<,;;;;=,;;;;>,;;;<;,;;;<<,;;;<=,;;;=;,;;;=<,;;;>;,;;<;;,;;<;<,;;<;=,;;<<;,;;=;;,;<;;;,;<;;<,;<;<;,;<<;;,;=;;;,<;;;;,<;;;<,<;;;=,<;;<;,<;;<<,<;<;;,<;<;<,<<;;;,=;;;; shape:9
# onwind solar H2 battery transmission offwind wind tsc gini
1814.3600 -90.3442 -306.9792 204.0323 60.0451 450.4436 -235.7981 -138.4992 0.0000 0.0000 193.1185 254.5794 0.0000 -63.6663 -122.3888 1520.8623 0.0000 113.7434 111.5387 -2308.0412 -2691.9565 88.3291 0.0000 -98.1941 111.5235 229.6201 -304.8855 3420.0434 -815.2234
17.1720 -374.6275 311.2252 -84.7323 74.1461 -199.1159 0.0000 158.5930 79.3430 -44.3043 -415.4834 355.9861 -237.4443 141.6931 29.8272 -10.9331 24.1638 126.1124 0.0000 403.7080 1143.1016 -55.2472 166.2769 -341.2010 -121.1708 -183.6296 0.0000 -1186.0339 404.9955
143.0600 102.4335 -182.4271 165.7618 -155.8737 166.2287 -236.4209 -19.5065 75.4332 0.0000 35.2281 -20.8669 0.0000 0.0000 0.0000 0.1924 -6.5579 4.2733 0.0000 0.0000 -16.1722 52.2285 0.0000 0.0000 0.0000 -10.4368 0.0000 0.0000 0.0000
-73.8538 -231.1867 1248.1577 -1133.9404 466.9273 -1721.9573 1724.8814 353.8973 -533.1729 0.0000 -11.8485 25.5863 0.0000 -63.2672 0.0000 1.8146 16.5544 -47.2236 8.7979 0.0000 110.1601 -139.6653 0.0000 60.0345 0.0000 0.0000 0.0000 0.0000 0.0000
28.0008 -22.7740 133.8240 -83.6633 -74.0432 -8.0555 0.0000 122.9319 0.0000 0.0000 44.9074 0.0000 0.0000 -19.7503 41.7512 85.4651 47.2198 0.0000 0.0000 207.1538 429.8466 -66.0043 0.0000 -25.3233 0.0000 -67.7634 0.0000 -695.3673 305.2600
-8.4329 -12.2016 8.2685 0.0000 17.1581 0.0000 0.0000 0.0000 0.0000 0.0000 -3.5567 5.1219 0.0000 0.0000 0.0000 -148.2982 0.0000 -60.6413 0.0000 355.6652 177.9845 0.0000 0.0000 50.2038 0.0000 0.0000 0.0000 -574.5721 195.5263
1772.9722 53.8226 -274.5026 173.2801 86.0957 479.1457 -186.1501 -138.7064 0.0000 0.0000 371.5441 0.0000 0.0000 -75.6843 -126.0079 1199.4047 -1.8035 29.6610 108.1965 -1793.9095 -2449.5316 -79.2061 0.0000 0.0000 0.0000 36.1779 0.0000 2748.5649 -534.4119
88.6465 7.1788 -10.3095 0.0000 35.8266 22.5184 0.0000 -12.9676 0.0000 0.0000 23.1251 0.0000 0.0000 0.0000 0.0000 -41.0368 0.0000 0.0000 0.0000 0.0000 65.8755 0.0000 0.0000 0.0000 0.0000 0.0000 0.0000 80.2553 -19.4780
0.1938 0.0000 0.0000 0.0000 0.0000 0.0000 0.0000 0.0000 0.0000 0.0000 0.0000 0.0000 0.0000 0.0000 0.0000 0.0000 0.0000 0.0000 0.0000 0.0000 0.0000 0.0000 0.0000 0.0000 0.0000 0.0000 0.0000 0.0000 0.0000
