# numpoly:1.0.6 names:q0,q1,q2,q3,q4 keys:;;;;;,;;;;<,;;;;=,;;;;>,;;;<;,;;;<<,;;;<=,;;;=;,;;;=<,;;;>;,;;<;;,;;<;<,;;<;=,;;<<;,;;<<<,;;=;;,;<;;;,;<;;<,;<;;=,;<;<;,;<;<<,;<<;;,;=;;;,<;;;;,<;;;<,<;;;=,<;;<;,<;;<<,<;<;;,<;<;<,<<;;;,<<;;<,=;;;;,=<;;; shape:9
# onwind solar H2 battery transmission offwind wind tsc gini
3578.3532 -569.7022 40.1687 0.0000 -140.2898 389.9808 91.9170 -202.6240 158.9599 0.0000 236.1964 22.4503 -182.6981 102.1429 0.0000 -254.5154 -147.8635 52.4373 -209.6505 -138.1962 402.2702 735.3879 -2393.3656 -9890.2411 954.3575 201.9354 552.6668 -1333.5587 -285.8170 0.0000 9617.7105 0.0000 2650.5736 -3550.6071
998.3677 -641.8179 461.4813 0.0000 733.8652 -823.4486 -106.2489 19.3237 0.0000 -1.8057 -2878.2511 1493.3073 0.0000 55.4728 -480.3613 1472.1164 1173.3991 -587.2200 -69.0945 -531.3569 857.0273 -820.0357 -588.8516 544.0586 -362.3999 0.0000 -252.3662 521.0659 -428.2551 -468.4601 1724.1151 -40.0669 -502.6706 0.0000
220.5580 76.2794 -143.7195 71.9593 -570.8771 456.9533 -92.9918 309.5968 -222.6622 0.0000 18.4100 -14.3186 0.0000 0.0000 0.0000 0.0000 35.8138 0.0000 0.0000 0.0000 0.0000 0.0000 0.0000 71.0674 -15.0387 0.0000 -105.3666 0.0000 0.0000 0.0000 0.0000 0.0000 0.0000 0.0000
224.3892 -1274.9462 2350.8149 -1247.6675 639.9952 -1265.7490 787.6467 16.3583 0.0000 0.0000 -273.7631 252.1173 0.0000 38.4704 -62.0490 81.4827 45.3167 -254.7560 0.0000 -15.0129 0.0000 0.0000 -19.0378 72.8250 -111.9696 0.0000 0.0000 0.0000 -121.0388 0.0000 233.4022 0.0000 -27.8576 0.0000
53.2328 40.0077 -35.6054 0.0000 285.4240 -235.5014 0.0000 -90.2271 163.3169 0.0000 35.3028 -51.0558 0.0000 52.9882 0.0000 -12.8580 427.1045 83.1743 0.0000 -302.3088 0.0000 0.0000 0.0000 -66.6141 60.4195 0.0000 192.0682 0.0000 34.3535 0.0000 -191.0143 0.0000 0.0000 0.0000
125.8871 -139.5263 -60.4472 0.0000 -297.7960 386.3157 0.0000 0.0000 0.0000 0.0000 232.8370 -30.2775 0.0000 -50.9097 22.3407 0.0000 -1899.6818 354.3752 86.5679 406.5828 -674.6677 -325.4418 1942.1040 2306.3842 -115.8352 -83.3955 18.6841 278.5780 204.2050 0.0000 -3180.8071 0.0000 772.5210 0.0000
1181.1347 -113.1520 -138.1375 11.6581 -53.5311 292.7971 0.0000 -229.0685 181.0134 0.0000 588.8223 -250.2572 0.0000 45.0532 0.0000 -262.3845 511.6089 41.5724 0.0000 66.2695 0.0000 325.5857 -297.3951 -2130.2003 688.9636 0.0000 342.0773 -651.4498 -19.0036 0.0000 369.7422 0.0000 275.9207 0.0000
87.9212 6.8566 -10.2513 0.0000 32.2676 22.1621 0.0000 -10.9506 0.0000 0.0000 23.0523 0.0000 0.0000 0.0000 0.0000 0.0000 -38.3753 0.0000 0.0000 0.0000 0.0000 0.0000 0.0000 55.6076 0.0000 0.0000 0.0000 0.0000 0.0000 0.0000 77.0128 0.0000 -14.3052 0.0000
0.1827 -0.0199 0.0000 0.0000 0.0000 0.0000 0.0000 0.0000 0.0000 0.0000 0.0000 0.0000 0.0000 0.0000 0.0000 0.0000 0.0000 0.0000 0.0000 0.0000 0.0000 0.0000 0.0000 0.0000 0.0000 0.0000 0.0000 0.0000 0.0000 0.0000 0.0000 0.0000 0.0000 0.0000
