# numpoly:1.0.6 names:q0,q1,q2,q3,q4 keys:;;;;;,;;;;<,;;;;=,;;;;>,;;;<;,;;;<<,;;;<=,;;;=;,;;;=<,;;;>;,;;<;;,;;<;<,;;<;=,;;<<;,;;=;;,;<;;;,;<;;<,;<;;=,;<;<;,;<<;;,;=;;;,<;;;;,<;;;<,<;;;=,<;;<;,<;<;;,<;<;<,<<;;;,<<;;<,=;;;;,=;;;< shape:9
# onwind solar H2 battery transmission offwind wind tsc gini
1345.5411 -239.5960 -98.3829 74.2220 78.8534 314.9370 -167.3337 -191.9318 80.7618 0.0000 258.2160 347.7344 0.0000 22.9781 -349.8626 2484.3391 -108.9103 0.0000 255.8860 85.0185 -3852.9823 -3379.8555 214.4449 -7.4153 -247.8417 647.6179 -559.1600 6075.9444 -47.4094 -2221.2243 307.6207
324.4182 316.5308 210.1288 -166.7263 -7.8919 -637.5870 323.5307 164.0472 -34.6951 0.0000 -786.7918 -118.9431 -99.4013 78.3044 704.4785 -238.3631 115.2675 -35.3252 -10.9064 -0.8527 0.0000 1233.8335 -818.7470 188.5800 0.0000 -1226.5479 549.1597 212.5371 0.0000 61.2992 0.0000
124.7661 224.1047 -257.8105 148.2012 -243.0775 82.1067 -114.7501 117.8783 0.0000 -7.9718 6.0121 -33.9319 0.0000 21.9554 0.0000 19.2022 0.0000 0.0000 0.0000 0.0000 0.0000 17.8925 61.7211 0.0000 -68.7791 0.0000 0.0000 0.0000 0.0000 0.0000 0.0000
12.3790 -432.2730 1380.3032 -1041.7833 773.0414 -1813.2057 1252.7458 -13.5643 -37.6453 0.0000 -57.7856 92.1551 0.0000 -124.1121 23.7477 0.6168 0.0000 0.0000 0.0000 23.2713 0.0000 -34.0045 -177.5521 100.1169 155.3084 0.0000 0.0000 0.0000 0.0000 0.0000 0.0000
246.7731 -9.9320 34.3619 -24.9708 -24.9169 20.1929 0.0000 83.5526 0.0000 0.0000 40.3185 0.0000 0.0000 0.0000 0.0000 -313.6930 77.2450 0.0000 -73.1768 0.0000 -21.1754 427.1140 -99.3946 0.0000 11.2575 0.0000 0.0000 460.2915 0.0000 -402.5863 0.0000
46.8991 14.5977 4.6131 0.0000 45.1046 9.4132 0.0000 -6.2221 0.0000 0.0000 18.2469 22.3484 0.0000 -31.7625 0.0000 -977.8347 39.7133 0.0000 -86.4240 0.0000 1876.2365 973.7726 -91.2887 0.0000 102.2579 -14.7165 0.0000 -3234.1236 0.0000 1325.5103 0.0000
1512.5948 -198.3228 -117.9724 104.5714 35.7872 497.5622 -218.1906 -158.8288 8.1945 0.0000 417.4561 71.9331 0.0000 0.0000 -325.0505 1279.1704 -97.1128 0.0000 159.4596 136.2214 -1818.9132 -2527.1707 264.3876 0.0000 -131.4168 345.8235 -191.0631 2735.7109 0.0000 -623.1776 0.0000
88.6170 7.8559 -10.4022 0.0000 31.8465 20.6684 0.0000 -10.3550 0.0000 0.0000 21.9155 0.0000 0.0000 0.0000 0.0000 -43.4585 0.0000 0.0000 0.0000 0.0000 0.0000 57.9262 0.0000 0.0000 0.0000 0.0000 0.0000 82.8109 0.0000 -18.9796 0.0000
0.2518 0.0000 0.0000 0.0000 0.0000 0.0000 0.0000 0.0000 0.0000 0.0000 0.0000 0.0000 0.0000 0.0000 0.0000 0.0000 0.0000 0.0000 0.0000 0.0000 0.0000 0.0000 0.0000 0.0000 0.0000 0.0000 0.0000 0.0000 0.0000 0.0000 0.0000
