# numpoly:1.0.6 names:q0,q1,q2,q3,q4 keys:;;;;;,;;;;<,;;;;=,;;;;>,;;;<;,;;;<<,;;;<=,;;;=;,;;;=<,;;;>;,;;<;;,;;<;<,;;<;=,;;<<;,;;<<<,;;<=;,;;=;;,;<;;;,;<;;<,;<;;=,;<;<;,;<<;;,;=;;;,<;;;;,<;;;<,<;;;=,<;;<;,<;;<<,<;;=;,<;<;;,<;<;<,<<;;;,<<;;<,<<;<;,<=;;;,=;;;;,=<;;; shape:9
# onwind solar H2 battery transmission offwind wind tsc gini
5883.2835 -474.3577 1257.9917 -383.5231 -833.7124 -788.7003 356.3178 -114.1320 313.8917 -69.5741 559.7751 77.7822 -759.9261 20.6886 -33.3687 0.0000 -177.0659 5998.3311 698.3970 -354.5813 1261.2141 658.2100 -12147.3200 -24822.8496 -785.8272 106.7926 1519.5484 -63.5732 0.0000 -991.1757 845.3493 12735.6276 0.0000 -1730.4347 14255.8123 19858.6563 -21534.8636
2633.0119 -1888.9996 963.1858 5.1865 -2023.0121 1039.8045 -663.6610 1446.0947 0.0000 -754.6989 -3112.9072 1846.8329 0.0000 875.7189 -1874.9897 62.2694 863.5939 -799.6439 150.2750 -23.3999 1162.8688 -549.6598 1160.6169 579.6652 -679.5418 -383.5733 432.2622 1726.8807 142.9069 140.4227 -226.4882 -217.0032 -208.2098 -1904.9255 0.0000 669.5414 0.0000
382.7094 -129.0037 -10.9612 0.0000 -731.2932 663.6724 -20.5652 436.4287 -351.5025 0.0000 -21.8067 79.7281 0.0000 -0.3775 0.0000 0.0000 0.0000 -171.7787 0.0000 0.0000 -115.8952 0.0000 219.4028 201.3238 -144.6852 0.0000 -112.5991 0.0000 0.0000 -37.9786 0.0000 -86.9783 0.0000 0.0000 0.0000 55.8649 0.0000
217.5847 -1102.7253 2199.7537 -1362.7659 29.1525 -1269.9770 879.9806 969.2438 0.0000 -429.2597 -24.9638 -595.5220 549.5006 173.2414 -138.6469 0.0000 0.0000 173.1485 -85.8709 0.0000 -168.8123 0.0000 82.4581 153.3275 175.3741 -175.0102 -184.5429 0.0000 68.9337 0.0000 0.0000 -178.9600 0.0000 0.0000 0.0000 119.3208 0.0000
83.2044 106.6419 -92.0299 20.9402 131.3905 -77.6372 0.0000 19.8563 0.0000 0.0000 61.5957 -55.4175 0.0000 95.7922 0.0000 0.0000 0.0000 342.8867 76.8678 0.0000 -216.7094 0.0000 0.0000 -25.1995 55.0024 0.0000 91.1047 0.0000 0.0000 -45.1997 0.0000 -147.7322 0.0000 0.0000 0.0000 14.5450 0.0000
-5014.0436 1221.6258 -922.7332 279.5751 954.7476 -389.2864 -119.0696 -337.4142 0.0000 129.4414 420.3510 -846.7563 403.5076 -333.1069 526.2073 0.0000 0.0000 2429.2356 -307.7819 128.8080 -418.4954 -207.5575 2263.3376 14232.7023 129.5833 0.0000 -644.3871 0.0000 0.0000 271.7731 0.0000 -12349.6351 0.0000 859.2903 -2710.5839 -9106.0972 9820.9167
1073.4679 -1.5458 -202.3829 -9.4330 118.8622 -127.3082 230.1466 -316.0313 262.4596 0.0000 558.8484 28.4739 -149.5118 0.0000 0.0000 0.0000 -175.3693 448.5822 136.0480 -22.4989 61.8320 253.6862 -70.2690 -2197.0303 464.1701 149.0107 501.5556 -735.8117 0.0000 -210.2253 11.9024 0.0000 0.0000 0.0000 0.0000 602.4300 0.0000
87.5635 9.9806 -12.1164 0.0000 34.8097 21.5734 0.0000 -12.4370 0.0000 0.0000 23.1307 0.0000 0.0000 0.0000 0.0000 0.0000 0.0000 -43.9603 0.0000 0.0000 0.0000 0.0000 0.0000 63.8063 0.0000 0.0000 0.0000 0.0000 0.0000 0.0000 0.0000 85.2500 0.0000 0.0000 0.0000 -22.5318 0.0000
0.2185 -0.0248 0.0000 0.0000 0.0000 0.0000 0.0000 0.0000 0.0000 0.0000 0.0000 0.0000 0.0000 0.0000 0.0000 0.0000 0.0000 0.0000 0.0000 0.0000 0.0000 0.0000 0.0000 0.0000 0.0000 0.0000 0.0000 0.0000 0.0000 0.0000 0.0000 0.0000 0.0000 0.0000 0.0000 0.0000 0.0000
