# numpoly:1.0.6 names:q0,q1,q2,q3,q4 keys:;;;;;,;;;;<,;;;;=,;;;;>,;;;<;,;;;<<,;;;<=,;;;=;,;;;=<,;;<;;,;;<;<,;;<;=,;;<<;,;;<<<,;;=;;,;;=;<,;<;;;,;<;;<,;<;;=,;<;<;,;<;<<,;<;=;,;<<;;,;=;;;,<;;;;,<;;;<,<;;;=,<;;<;,<;;<<,<;;=;,<;<;;,<<;;;,<<;;<,=;;;;,=;;;< shape:9
# onwind solar H2 battery transmission offwind wind tsc gini
2721.2174 384.1476 269.5644 -454.5684 -289.0540 -1061.0127 298.5170 578.9714 -307.3652 -673.8272 2019.0497 -834.3115 -11.3856 353.6194 323.6381 -680.2218 1677.9105 -128.5422 -158.4112 -1299.0044 1179.9851 244.2922 -298.6283 -4201.3857 -5679.6315 -1938.2863 1637.9871 1829.7239 -563.3264 -804.1633 298.7338 9894.5695 -620.5117 -3139.9524 383.6966
103.3760 -704.8078 1875.5812 -854.7344 635.3325 -893.1377 65.8267 49.1499 0.0000 -546.3686 -60.2303 58.0328 0.0000 0.0000 481.1007 0.0000 375.0247 -1854.7780 1494.0328 -52.1143 -123.5644 0.0000 0.0000 206.3378 964.5695 840.5749 -1245.3747 -295.6022 671.0350 0.0000 -702.3994 -314.3195 0.0000 183.2061 0.0000
23.1775 298.1163 -320.0364 123.8082 -111.6873 -7.3045 0.0000 34.0761 0.0000 0.5561 -0.8969 0.0000 0.0000 0.0000 0.0000 0.0000 20.6244 13.0612 0.0000 0.0000 0.0000 0.0000 0.0000 0.0000 -35.7480 15.9613 0.0000 0.0000 0.0000 0.0000 0.0000 0.0000 0.0000 0.0000 0.0000
267.5305 -1522.7989 2400.0209 -1131.7824 338.9008 -676.0294 378.0852 18.1314 0.0000 -9.0406 2.6136 0.0000 -8.8477 0.0000 0.0000 0.0000 48.5538 -50.8463 0.0000 0.0000 0.0000 0.0000 0.0000 0.0000 148.3630 -140.2730 0.0000 0.0000 0.0000 0.0000 -0.9078 0.0000 0.0000 0.0000 0.0000
343.7047 -99.0911 107.1056 -25.0837 122.1192 -14.8562 -17.4200 -40.4521 0.0000 15.7176 -41.4670 0.0000 -3.1391 0.0000 0.0000 0.0000 -235.9475 -9.3928 0.0000 0.0000 0.0000 0.0000 0.0000 0.0000 342.3203 46.3095 0.0000 0.1507 0.0000 0.0000 37.4163 321.9958 0.0000 -357.8229 0.0000
-330.6328 -114.7447 -618.2032 393.1312 -63.3492 542.0319 -47.0295 -27.4384 44.2554 -44.5055 -119.1668 96.1023 -131.6125 0.0000 0.0000 0.0000 -848.9486 308.2452 0.0000 249.1990 -336.2392 0.0000 186.2177 2309.2151 2145.9554 599.0746 -481.3600 -134.3341 0.0000 0.0000 0.0000 -5306.8992 0.0000 1901.1527 0.0000
2093.9640 588.7423 -347.1211 0.0000 -135.1871 -166.4033 161.8019 147.2927 -65.2880 41.8929 728.6693 -514.6347 63.5205 0.0000 -174.0554 0.0000 434.7992 186.4174 -222.0199 -248.8514 169.8079 0.0000 -6.1961 -1729.3044 -3165.6883 -1254.8542 937.4488 578.1308 -127.5204 -222.1675 191.0924 4086.7849 0.0000 -905.9245 0.0000
87.8802 7.9029 -10.5977 0.0000 34.8606 21.6764 0.0000 -11.7403 0.0000 23.6116 0.0000 0.0000 0.0000 0.0000 0.0000 0.0000 -41.2105 0.0000 0.0000 0.0000 0.0000 0.0000 0.0000 0.0000 66.8780 0.0000 0.0000 0.0000 0.0000 0.0000 0.0000 80.8658 0.0000 -20.4414 0.0000
0.2335 0.0000 0.0000 0.0000 0.0000 0.0000 0.0000 0.0000 0.0000 0.0000 0.0000 0.0000 0.0000 0.0000 0.0000 0.0000 0.0000 0.0000 0.0000 0.0000 0.0000 0.0000 0.0000 0.0000 0.0000 0.0000 0.0000 0.0000 0.0000 0.0000 0.0000 0.0000 0.0000 0.0000 0.0000
