# numpoly:1.0.6 names:q0,q1,q2,q3,q4 keys:;;;;;,;;;;<,;;;;=,;;;;>,;;;<;,;;;<<,;;;<=,;;;=;,;;;=<,;;;>;,;;<;;,;;<;<,;;<;=,;;<<;,;;<<<,;;=;;,;;=;<,;<;;;,;<;;<,;<;;=,;<;<;,;<;<<,;<<;;,;=;;;,<;;;;,<;;;<,<;;;=,<;;<;,<;;<<,<;<;;,<;<;<,<<;;;,<<;;<,<<;<;,=;;;;,=;;<;,=<;;; shape:9
# onwind solar H2 battery transmission offwind wind tsc gini
5186.5386 -360.4685 -70.6242 0.5385 3028.1801 -1127.0387 234.1057 -26.6844 22.3278 0.0000 155.9839 277.2674 0.0000 168.8787 -272.3850 0.0000 0.0000 -1250.9376 930.9696 0.0000 -3698.0023 -63.3698 0.0000 -2225.7577 -17177.8427 767.1912 -151.1019 -2304.1958 1169.6988 74.2531 -252.2453 15832.9039 -1067.5730 5024.6596 10074.9248 -2046.7177 -9979.7740
414.0537 -46.3907 216.5914 58.9400 -712.6349 570.8052 0.0000 603.3577 -608.7640 0.0000 -679.2483 -124.4396 -349.8425 -221.9252 357.9439 766.8250 -22.8803 558.0998 -145.4247 0.0000 92.8476 0.0000 -550.8694 83.2093 1276.1741 -654.1355 0.0000 -149.0986 0.0000 -859.1074 659.3291 -134.4049 0.0000 0.0000 94.7062 0.0000 0.0000
348.0638 88.3935 -250.9203 187.7866 -489.6877 469.2912 -232.8750 124.2733 -6.7150 0.0000 -72.7099 0.0000 0.0000 95.5121 0.0000 0.0000 0.0000 -104.9251 4.0905 0.0000 0.0000 0.0000 0.0000 0.0000 60.8784 -79.1589 0.0000 -139.6670 0.0000 0.0000 0.0000 152.6248 0.0000 0.0000 -7.3903 0.0000 0.0000
161.3122 -1264.1952 3047.4800 -2124.1610 498.1241 -1760.2628 1592.6007 494.4871 -503.7182 0.0000 82.4515 -415.1392 322.7105 -25.3312 0.0000 0.0000 0.0000 2.4015 -524.0845 266.6891 14.8421 0.0000 0.0000 163.2703 399.2026 7.9991 -111.5400 -358.8696 182.3800 0.0000 0.0000 -203.9262 0.0000 0.0000 48.5812 0.0000 0.0000
312.5755 19.9063 17.3152 0.0000 66.9385 -78.1283 0.0000 15.0230 0.0000 0.0000 46.1577 16.4476 0.0000 -30.9620 0.0000 0.0000 0.0000 24.3931 2.2339 0.0000 -41.5228 0.0000 0.0000 0.0000 -77.2435 0.0000 0.0000 90.0506 0.0000 -22.4653 0.0000 73.6637 0.0000 0.0000 -22.6550 0.0000 0.0000
646.4214 -179.5176 -11.0472 0.0000 -507.9843 385.0513 -34.3686 -124.3408 0.0000 0.0000 -56.0369 6.4844 0.0000 -9.8279 0.0000 -29.1494 0.0000 -1707.7173 32.7052 0.0000 234.3551 0.0000 38.4279 1477.5845 614.9492 254.1861 0.0000 1032.4413 -420.8699 107.4227 0.0000 -1766.5760 0.0000 -481.6249 617.4674 0.0000 0.0000
546.3195 433.5391 -261.1278 102.3093 1500.9644 -787.2209 88.7065 -351.1375 186.3313 48.0265 300.3167 -17.9121 0.0000 0.0000 0.0000 -20.7942 0.0000 1830.1798 3.8212 0.0000 -493.9704 0.0000 0.0000 -617.5470 -2215.0543 247.1172 -62.2947 -1329.1430 322.1733 95.6980 -154.3515 92.0052 0.0000 909.5439 1053.2954 0.0000 -444.2361
95.5185 10.2356 -11.5928 0.0000 32.8891 20.9383 0.0000 -10.8112 0.0000 0.0000 27.7825 0.0000 0.0000 0.0000 0.0000 0.0000 0.0000 -54.7631 0.0000 0.0000 0.0000 0.0000 0.0000 0.0000 61.1622 0.0000 0.0000 0.0000 0.0000 0.0000 0.0000 87.9544 0.0000 0.0000 -21.1549 0.0000 0.0000
0.3289 -0.0410 0.0000 0.0000 0.0391 0.0000 0.0000 0.0000 0.0000 0.0000 0.0335 0.0000 0.0000 0.0000 0.0000 0.0000 0.0000 -0.0449 0.0000 0.0000 0.0000 0.0000 0.0000 0.0000 0.2001 0.0000 0.0000 0.0000 0.0000 0.0000 0.0000 0.0000 0.0000 0.0000 0.0000 0.0000 0.0000
