# numpoly:1.0.6 names:q0,q1,q2,q3,q4 keys:;;;;;,;;;;<,;;;;=,;;;;>,;;;<;,;;;<<,;;;<=,;;;=;,;;;=<,;;;>;,;;<;;,;;<;<,;;<;=,;;<<;,;;<<<,;;=;;,;;=<;,;<;;;,;<;;<,;<;<;,;<<;;,;=;;;,<;;;;,<;;;<,<;;;=,<;;<;,<;;<<,<;;=;,<;<;;,<;<;<,<;<<;,<<;;;,<<;<;,<=;;;,=;;;;,=;;<;,=<;;; shape:9
# onwind solar H2 battery transmission offwind wind tsc gini
1853.1770 241.1030 -550.5093 102.9812 91.1670 57.8055 266.5269 -683.0787 0.0000 277.9334 93.1983 -212.0637 82.2193 91.4202 0.0000 2.3419 0.0000 6492.0329 181.8964 1506.0148 654.8705 -7731.5222 -14474.2644 309.3313 1.4807 -560.6358 -460.1681 0.0000 -469.6267 0.0000 -217.6749 5453.9642 -2537.4905 9321.0180 12873.1216 2172.3536 -14079.9783
-814.0731 1066.6362 -1728.4820 554.0278 764.9984 1056.5966 -630.3201 -13.2230 -402.3892 53.2470 -2420.9455 -1106.3677 1367.9022 -708.2045 16.7330 1097.6172 333.9047 3168.7677 -161.9349 -485.0498 -102.0288 0.0000 2957.3950 -607.7695 0.0000 -743.3104 668.5311 221.5582 -357.8627 -140.5666 0.0000 -3022.6874 0.0000 0.0000 921.4339 0.0000 0.0000
45.5820 128.8159 -225.9536 102.6859 -705.2517 273.9234 0.0000 366.1230 -92.1884 0.0000 -11.7548 34.6222 0.0000 -34.7774 0.0000 0.0000 0.0000 397.7526 9.8292 -214.2276 0.0000 277.7553 246.6560 -132.2835 0.0000 476.5742 0.0000 -253.6703 0.0000 0.0000 0.0000 -865.3818 0.0000 0.0000 276.8638 0.0000 0.0000
16.8044 -677.5437 1517.7231 -1099.6150 365.0649 -988.4163 780.5406 290.1386 -138.5116 0.0000 -41.7759 -918.5595 659.6116 70.4757 0.0000 102.0573 0.0000 251.0642 -86.2460 -107.3071 0.0000 0.0000 340.8166 254.1665 -110.9410 -249.5832 0.0000 0.0000 0.0000 0.0000 0.0000 -130.4052 0.0000 0.0000 0.0000 0.0000 0.0000
185.1108 36.9507 -27.1839 25.9198 147.8530 27.5097 -89.1120 25.5549 0.0000 0.0000 -14.6978 26.2791 0.0000 96.4887 0.0000 0.0000 0.0000 264.3935 49.5539 -269.4523 0.0000 0.0000 -111.6286 0.0000 0.0000 85.8467 0.0000 0.0000 -22.3928 0.0000 0.0000 0.0000 0.0000 0.0000 0.0000 0.0000 0.0000
175.9481 -151.1579 451.1252 -119.0628 -1010.5774 -304.9736 -46.2624 195.4073 130.6721 -128.9592 328.2275 232.3218 -192.8841 27.5042 0.0000 -126.1748 0.0000 -893.4930 -81.4667 444.1899 -354.9181 0.0000 3471.6181 14.0549 0.0000 1787.3633 76.9640 0.0000 296.0413 0.0000 0.0000 -2841.2965 235.3467 0.0000 -3051.7807 -1383.3881 3227.8398
334.0008 215.9469 -138.8666 0.0000 156.5157 -156.4892 120.5076 -115.4916 38.8278 0.0000 521.4567 -116.1978 0.0000 -28.4983 0.0000 -51.1354 0.0000 1137.9866 82.3527 2.1367 194.3943 0.0000 -1453.9433 179.3180 0.0000 205.1992 -194.0483 0.0000 -315.4936 0.0000 0.0000 -983.8525 0.0000 0.0000 937.0858 0.0000 0.0000
95.4566 7.1013 -10.4180 0.0000 35.2359 22.6205 0.0000 -12.0735 0.0000 0.0000 23.3169 0.0000 0.0000 0.0000 0.0000 0.0000 0.0000 -52.4526 0.0000 0.0000 0.0000 0.0000 66.7235 0.0000 0.0000 0.0000 0.0000 0.0000 0.0000 0.0000 0.0000 95.8863 0.0000 0.0000 -27.0567 0.0000 0.0000
0.2081 0.0000 0.0000 0.0000 0.0000 0.0000 0.0000 0.0000 0.0000 0.0000 0.0000 0.0000 0.0000 0.0000 0.0000 0.0000 0.0000 0.0000 0.0000 0.0000 0.0000 0.0000 0.0000 0.0000 0.0000 0.0000 0.0000 0.0000 0.0000 0.0000 0.0000 0.0000 0.0000 0.0000 0.0000 0.0000 0.0000
