# numpoly:1.0.6 names:q0,q1,q2,q3,q4 keys:;;;;;,;;;;<,;;;;=,;;;;>,;;;<;,;;;<<,;;;<=,;;;=;,;;;=<,;;<;;,;;<;<,;;<;=,;;<<;,;;<<<,;;=;;,;<;;;,;<;;<,;<;;=,;<;<;,;<<;;,;=;;;,<;;;;,<;;;<,<;;<;,<;;<<,<;<;;,<<;;;,<=;;;,=;;;;,=<;;; shape:9
# onwind solar H2 battery transmission offwind wind tsc gini
1742.8281 -157.3795 82.2424 0.0000 90.2521 151.9952 0.0000 -102.9790 0.0000 264.2479 77.9525 -187.0735 133.8786 0.0000 0.0000 9347.8162 111.0314 0.0000 -232.0457 28.0779 -9663.7252 -14445.3950 100.3817 103.5298 -120.0737 -181.7488 2393.7891 11573.3235 13421.6889 -14050.6739
670.8755 -276.8529 382.5877 -269.7172 36.5120 -417.3173 422.7253 305.4626 -239.4746 -860.6405 197.8731 -3.7770 0.0000 0.0000 383.8339 136.7885 -49.3044 0.0000 -136.4663 -151.4788 -168.6794 -103.4145 0.0000 0.0000 0.0000 -190.3781 845.3336 0.0000 -269.5326 0.0000
123.4987 162.0965 -8.3383 40.6180 -131.4149 -185.2135 -116.3018 3.3406 174.4469 20.3993 -31.3792 0.0000 21.6869 0.0000 0.0000 5.4329 19.3380 0.0000 0.0000 0.0000 0.0000 -12.1540 0.0000 0.0000 0.0000 0.0000 0.0000 0.0000 0.0000 0.0000
-0.9961 -126.8747 456.1534 -509.1342 274.7192 -672.9157 798.4734 194.7470 -376.9204 -88.0614 357.4619 -226.9471 -174.3700 110.0433 0.0000 177.1691 -570.0605 366.4322 66.4348 0.0000 0.0000 -0.5217 10.8438 0.0000 0.0000 0.0000 0.0000 0.0000 0.0000 0.0000
219.3776 38.2006 -18.2183 0.0000 104.8943 36.1781 0.0000 0.0000 0.0000 8.2682 28.0284 0.0000 -18.2349 0.0000 0.0000 58.7225 -53.8939 0.0000 -99.8318 0.0000 0.0000 -100.7391 -21.9289 110.2358 0.0000 0.0000 193.4208 0.0000 -73.2757 0.0000
-923.3725 244.9093 -272.8456 98.8528 43.0366 115.6073 -98.8946 -4.6351 0.0000 179.2356 -164.9395 150.0354 -108.1575 0.0000 -99.5117 -16.6209 -19.9947 0.0000 98.4673 0.0000 398.5218 4410.3546 -113.8576 -80.1790 129.3209 155.3310 -3823.3611 0.0000 -1881.8997 2009.9908
838.0266 93.3342 -158.5119 70.6433 143.8705 263.6543 -93.7540 -125.8984 0.0000 310.1075 -139.3691 0.0000 27.3977 0.0000 -27.0297 793.1208 77.9201 0.0000 -117.1566 30.9562 566.4427 -1033.0865 0.0000 29.0187 0.0000 0.0000 -1743.6163 0.0000 1106.4658 0.0000
90.3425 7.9553 -10.8190 0.0000 35.1164 22.1106 0.0000 -12.1472 0.0000 22.9884 0.0000 0.0000 0.0000 0.0000 0.0000 -46.3340 0.0000 0.0000 0.0000 0.0000 0.0000 66.8025 0.0000 0.0000 0.0000 0.0000 87.8574 0.0000 -24.0917 0.0000
0.1264 0.0000 0.0000 0.0000 0.0000 0.0000 0.0000 0.0000 0.0000 0.0000 0.0000 0.0000 0.0000 0.0000 0.0000 0.0000 0.0000 0.0000 0.0000 0.0000 0.0000 0.0000 0.0000 0.0000 0.0000 0.0000 0.0000 0.0000 0.0000 0.0000
