# numpoly:1.0.6 names:q0,q1,q2,q3,q4 keys:;;;;;,;;;;<,;;;;=,;;;;>,;;;<;,;;;<<,;;;<=,;;;=;,;;;=<,;;<;;,;;<;<,;;<;=,;;<<;,;;=;;,;<;;;,;<;;<,;<;<;,;<<;;,;=;;;,<;;;;,<;;;<,<;;;=,<;;<;,<;<;;,<;<;<,<<;;;,=;;;;,=;;;< shape:9
# onwind solar H2 battery transmission offwind wind tsc gini
1699.5140 -333.0945 -61.8897 62.7070 208.7233 161.9178 -101.6568 -245.9591 119.6116 -251.3423 405.2997 0.0000 0.0000 -146.3469 1831.5249 -122.1521 244.9423 271.6123 -3705.9205 -3189.5742 582.3072 -84.2103 -277.1708 600.6572 -588.9032 5969.2521 -2085.8869 134.8400
396.8241 93.4552 141.0796 -147.1240 181.2599 -708.9567 324.6438 119.1125 0.0000 -726.2881 -148.7179 -305.6851 20.9128 901.5081 -178.4877 86.4810 0.0000 135.6961 -33.1778 696.4130 -66.9587 412.5815 0.1070 -1918.9456 1016.9562 0.0000 1037.1383 -908.7249
109.6009 196.8734 -256.7028 143.8051 -220.0425 101.5603 -119.9754 111.4756 0.0000 20.2905 -33.8709 0.0000 28.9763 0.0000 30.3271 0.0000 0.0000 0.0000 0.0000 6.4086 82.7523 0.0000 -103.4488 0.0000 0.0000 0.0000 0.0000 0.0000
63.6557 -347.0562 1239.2212 -992.5394 743.0590 -1802.8188 1201.1001 -20.3109 -17.4929 -79.3813 109.5025 0.0000 -114.8092 0.0000 -42.9666 28.5313 -19.0958 0.0000 0.0000 71.9407 -361.8670 210.4212 178.5097 0.0000 0.0000 0.0000 0.0000 0.0000
403.9058 33.1492 24.7777 -33.6494 32.0386 11.2564 0.0000 56.8699 0.0000 -25.7653 7.5540 0.0000 0.0000 0.0000 -329.2077 32.6291 -52.3643 0.0000 -90.8401 519.7306 -106.2853 32.2848 -3.7095 44.3755 0.0000 549.0229 -500.8102 0.0000
-35.4660 31.0341 5.2469 0.0000 -43.9821 18.9936 0.0000 0.0000 0.0000 117.5388 -3.2848 0.0000 0.0000 -29.5305 -707.0237 23.0555 -81.1408 -49.3671 1804.1027 768.5663 -89.6957 0.0000 135.2260 0.0000 0.0000 -3119.2617 1252.8880 0.0000
1522.5167 -165.6702 -71.5422 81.4726 66.8366 364.9707 -152.1871 -190.6150 36.5750 334.8131 72.5760 0.0000 0.0000 -276.8755 1048.2091 -84.9312 133.3103 118.9437 -1746.1353 -2419.5316 364.9574 -63.1733 -119.7307 372.7894 -217.1224 2752.6894 -668.0150 0.0000
80.8355 9.2533 -10.7248 0.0000 35.8652 20.0717 0.0000 -13.5568 0.0000 26.6966 0.0000 0.0000 0.0000 0.0000 -44.5021 0.0000 0.0000 0.0000 0.0000 71.1701 0.0000 0.0000 0.0000 0.0000 0.0000 74.4487 -23.0343 0.0000
0.5498 -0.0042 0.0000 0.0000 0.0412 0.0000 0.0000 0.0000 0.0000 -0.0018 0.0000 0.0000 0.0000 0.0000 -0.0080 0.0000 0.0000 0.0000 0.0000 0.0619 0.0000 0.0000 0.0000 0.0000 0.0000 0.0000 0.0000 0.0000
