# numpoly:1.0.6 names:q0,q1,q2,q3,q4 keys:;;;;;,;;;;<,;;;;=,;;;;>,;;;<;,;;;<<,;;;<=,;;;=;,;;;=<,;;;>;,;;<;;,;;<;<,;;<;=,;;<<;,;;=;;,;<;;;,;<;;<,;<;<;,;<<;;,;=;;;,<;;;;,<;;;<,<;;;=,<;;<;,<;<;;,<;<;<,<<;;;,=;;;; shape:9
# onwind solar H2 battery transmission offwind wind tsc gini
1725.9043 -294.7323 -398.7888 233.4340 15.0665 394.4774 -170.0740 -195.0922 44.3914 0.0000 18.7255 524.7261 0.0000 7.0178 -233.0833 2105.6821 -93.0698 111.5458 69.1867 -3540.7845 -3559.2113 671.5831 0.0000 -62.1522 630.6798 -687.6879 5506.4991 -1655.0163
228.2466 -23.0927 118.6919 -163.0782 184.3451 -721.8970 381.8805 124.3173 0.0000 0.0000 -831.4220 322.2722 -116.3247 132.8330 388.6195 -58.9949 113.8410 -40.4825 0.0000 0.0000 1034.4019 -313.1709 199.6028 -96.3823 -512.1046 0.0000 1.5452 0.0000
101.9797 228.5153 -273.4870 172.0477 -186.7930 43.4441 -142.4916 87.1801 52.7352 -22.6530 26.4935 -38.5551 0.0000 20.5954 0.0000 33.5505 0.0000 0.0000 0.0000 0.0000 -17.7633 61.7663 0.0000 -53.8794 0.0000 0.0000 0.0000 0.0000
174.8814 -544.6853 1335.6351 -1018.7889 530.8835 -1598.0545 1329.8457 135.3647 -249.4922 0.0000 -100.0135 83.2063 0.0000 -92.9684 20.9845 -31.2541 0.0000 0.0000 7.1999 0.0000 -25.6732 -44.6977 0.0000 125.5072 0.0000 0.0000 0.0000 0.0000
530.6012 -15.5791 62.6322 -45.4091 -46.9907 37.4551 0.0000 88.0311 0.0000 0.0000 7.8786 25.6971 0.0000 0.0000 0.0000 -332.8957 50.5823 -46.3862 0.0000 0.0000 231.0832 -100.2840 0.0000 9.0717 0.0000 0.0000 345.8853 -205.8009
-31.2112 5.6191 41.4883 -20.0405 43.1829 0.0000 0.0000 0.0000 0.0000 0.0000 82.0145 0.0000 0.0000 -40.9640 0.0000 -795.2313 0.0000 -2.8319 0.0000 1601.6307 810.8988 -47.6450 0.0000 13.5795 -30.7121 0.0000 -2677.8390 1048.1802
1546.5627 -4.6108 -166.0500 142.9638 -48.6886 565.1988 -254.9214 -160.9915 0.0000 0.0000 434.0925 -19.9338 0.0000 -6.8901 -222.4978 1133.1437 -86.2303 98.2743 82.5663 -1782.4404 -2418.5068 72.3976 0.0000 -37.1833 154.9125 -42.3530 2724.5415 -530.2831
85.4613 8.1601 -10.8048 0.0000 35.6901 22.0327 0.0000 -14.0976 0.0000 0.0000 26.5564 0.0000 0.0000 0.0000 0.0000 -51.7040 0.0000 0.0000 0.0000 0.0000 72.1144 0.0000 0.0000 0.0000 0.0000 0.0000 82.9278 -27.3509
0.5380 -0.0082 0.0000 0.0000 0.0568 0.0000 0.0000 0.0000 0.0000 0.0000 -0.0299 0.0000 0.0000 0.0000 0.0000 -0.0185 0.0000 0.0000 0.0000 0.0000 0.0956 0.0000 0.0000 0.0000 0.0000 0.0000 0.0000 0.0000
