# numpoly:1.0.6 names:q0,q1,q2,q3,q4 keys:;;;;;,;;;;<,;;;;=,;;;;>,;;;<;,;;;<<,;;;<=,;;;=;,;;;=<,;;;>;,;;<;;,;;<;<,;;<;=,;;<<;,;;<<<,;;=;;,;;=;<,;<;;;,;<;;<,;<;;=,;<;<;,;<;<<,;<<;;,;<<;<,;=;;;,<;;;;,<;;;<,<;;;=,<;;<;,<;;<<,<;<;;,<;<;<,<<;;;,<<;;<,=;;;;,=;;;<,=;;<; shape:9
# onwind solar H2 battery transmission offwind wind tsc gini
1959.0541 466.6196 -40.4126 959.2849 875.6869 -17.3445 -1429.3277 -358.6286 736.4421 -37.7468 -1593.7227 1922.5515 0.0000 -84.7952 136.7664 159.8169 -257.7692 1042.8531 504.4434 -968.3401 -508.3489 630.7559 1363.1124 -2171.3913 -4317.6308 -1744.4190 -3465.3927 -109.0642 -1172.9794 0.0000 -68.0425 687.6258 7437.2433 3023.2198 -3593.7443 0.0000 920.1966
94.0581 -438.7968 -104.5151 653.5745 681.2701 -344.6314 -647.4736 61.2482 470.3036 -190.9953 -1168.8039 1236.0812 -935.4584 -312.5212 477.9456 675.6347 0.0000 916.4204 -262.5368 0.0000 -139.1611 0.0000 -209.4299 0.0000 0.0000 1059.2561 -443.8824 494.7102 76.5709 0.0000 -953.6388 0.0000 35.0120 -371.0946 26.1821 181.8882 0.0000
-20.1496 315.4817 -196.8922 0.0000 -46.7478 -285.2977 191.5627 53.2533 0.0000 0.0000 16.9701 -2.5239 0.0000 5.0557 0.0000 0.0000 0.0000 -2.5554 45.2118 0.0000 0.0000 0.0000 0.0000 0.0000 0.0000 -33.0934 0.0000 0.0000 0.0000 0.0000 0.0000 0.0000 0.0000 0.0000 0.0000 0.0000 0.0000
548.8056 -2928.7245 4629.2475 -2286.2656 604.8114 -1273.3948 711.2540 0.0000 0.0000 0.0000 -4.0205 9.1097 0.0000 -2.5801 0.0000 0.0000 0.0000 205.7495 -88.6168 0.0000 0.0000 0.0000 0.0000 0.0000 0.0000 432.2022 -649.6148 270.5756 0.0000 0.0000 -73.1445 0.0000 3.0598 0.0000 0.0000 0.0000 0.0000
661.9512 160.1678 -696.5521 471.5651 -75.4206 530.0042 -304.8772 -42.5101 0.0000 0.0000 56.4852 -11.4282 0.0000 -67.8889 0.0000 0.0000 0.0000 -260.9217 -122.7664 0.0000 0.0000 0.0000 0.0000 0.0000 0.0000 12.9524 380.5000 -163.4645 36.6011 0.0000 22.2214 0.0000 309.5251 0.0000 -264.6903 0.0000 0.0000
-740.6798 53.8570 157.7502 -464.8197 -2.9207 111.8221 514.1236 139.1418 -281.2129 0.0000 326.5715 -262.9397 0.0000 119.2652 -235.2420 0.0000 0.0000 -361.9558 -508.6753 405.2807 50.7907 -81.9206 -197.3939 318.3773 2475.7112 1819.0862 539.6593 0.0000 -169.0673 2.0675 0.0000 0.0000 -5052.2518 -448.0781 1861.9570 0.0000 0.0000
2005.7783 332.8394 -97.5906 389.9580 -23.5223 435.6226 -776.2460 -197.2344 297.4365 0.0000 -196.7610 77.3364 31.5808 -30.6500 0.0000 -63.7351 0.0000 355.6924 -240.4432 -104.9381 -158.7030 118.4924 68.2729 0.0000 -1655.1107 -2477.8159 -545.4015 -235.1596 208.7560 0.0000 318.3334 0.0000 3443.0196 666.1856 -979.4775 0.0000 0.0000
91.7500 7.4033 -9.8423 0.0000 34.9343 22.0056 0.0000 -12.6755 0.0000 0.0000 27.7712 0.0000 0.0000 0.0000 0.0000 0.0000 0.0000 -51.0217 0.0000 0.0000 0.0000 0.0000 0.0000 0.0000 0.0000 66.5319 0.0000 0.0000 0.0000 0.0000 0.0000 0.0000 83.4302 0.0000 -22.0075 0.0000 0.0000
0.5677 0.0097 0.0000 0.0000 -0.0383 0.0000 0.0000 0.0000 0.0000 0.0000 0.0623 0.0000 0.0000 0.0000 0.0000 0.0000 0.0000 -0.0079 0.0000 0.0000 0.0000 0.0000 0.0000 0.0000 0.0000 0.0430 0.0000 0.0000 0.0000 0.0000 0.0000 0.0000 0.0000 0.0000 0.0000 0.0000 0.0000
