# numpoly:1.0.6 names:q0,q1,q2,q3,q4 keys:;;;;;,;;;;<,;;;;=,;;;;>,;;;<;,;;;<<,;;;<=,;;;=;,;;;=<,;;<;;,;;<;<,;;<;=,;;<<;,;;<<<,;;=;;,;<;;;,;<;;<,;<;<;,;<<;;,;=;;;,<;;;;,<;;;<,<;;<;,<;;=;,<;<;;,<<;;;,=;;;; shape:9
# onwind solar H2 battery transmission offwind wind tsc gini
1454.8297 -565.1478 205.7505 -89.5199 -845.2035 984.9785 0.0000 529.3218 -447.8982 395.1350 320.3500 -20.8246 255.7785 -412.5459 -27.7217 2787.7875 -42.3176 0.0000 382.5484 -3148.6870 -4209.2843 -3.0104 532.4111 -419.9682 -841.7393 4446.4589 -404.4961
840.2087 101.4454 -197.7812 111.2845 -167.4920 361.0768 -154.2596 -200.9553 76.3395 -1490.3563 -2.0649 0.0000 209.0945 -141.0017 516.0960 179.5697 -44.0957 0.0000 -75.8362 -529.6087 630.9260 30.4338 16.5417 0.0000 -44.4030 1246.0127 -780.6357
166.5462 6.9924 0.6440 0.0000 -52.0441 -17.8200 0.0000 28.3457 0.0000 -6.4581 0.0000 0.0000 0.0000 0.0000 0.0000 22.0551 0.0000 1.6198 0.0000 0.0000 23.9299 0.0000 -15.0916 0.0000 0.0000 0.0000 0.0000
-0.6059 0.0461 0.7000 0.0000 1.8465 -1.9848 0.0000 0.0000 0.0000 0.0000 0.0000 0.0000 0.0000 0.0000 0.0000 0.0000 0.0000 0.0000 0.0000 0.0000 -0.1037 0.0000 0.0000 0.0000 0.0000 0.0000 0.0000
264.6675 33.5582 -22.0386 0.0000 71.8651 40.5043 0.0000 -25.4000 0.0000 50.6307 -6.5021 0.0000 0.0000 0.0000 0.0000 -16.8991 -21.7763 -100.2403 0.0000 0.0000 45.1547 19.6381 23.3484 0.0000 0.0000 258.2966 -161.8185
116.7434 163.4137 -183.4283 74.8287 2.6721 -65.3575 0.0000 -60.8505 98.1460 -95.4819 0.0000 0.0000 16.4447 0.0000 0.0000 -1390.7875 0.0000 1.3656 -122.2851 1794.7040 1608.6965 0.0000 -1.5147 0.0000 276.6189 -2839.7809 763.6958
1126.4545 2.1819 -21.3516 0.0000 109.7693 246.2140 0.0000 -17.1580 -122.7930 516.7054 -16.7637 0.0000 0.0000 0.0000 -8.2549 1251.9731 -25.7491 0.0000 138.7671 -1170.7287 -2209.7229 -13.7030 -101.8284 0.0000 -482.4282 1512.3887 273.4307
91.9125 11.9582 -13.1902 0.0000 38.9281 21.1134 0.0000 -14.0673 0.0000 24.0336 0.0000 0.0000 0.0000 0.0000 0.0000 -49.8238 0.0000 0.0000 0.0000 0.0000 64.3188 0.0000 0.0000 0.0000 0.0000 93.7103 -24.8509
0.0942 0.0000 0.0000 0.0000 0.0000 0.0000 0.0000 0.0000 0.0000 0.0000 0.0000 0.0000 0.0000 0.0000 0.0000 0.0000 0.0000 0.0000 0.0000 0.0000 0.0000 0.0000 0.0000 0.0000 0.0000 0.0000 0.0000
