# numpoly:1.0.6 names:q0,q1,q2,q3,q4 keys:;;;;;,;;;;<,;;;;=,;;;;>,;;;<;,;;;<<,;;;<=,;;;=;,;;;=<,;;<;;,;;<;<,;;<;=,;;<<;,;;<<<,;;=;;,;<;;;,;<;;<,;<;;=,;<;<;,;<;<<,;<<;;,;=;;;,<;;;;,<;;;<,<;;;=,<;;<;,<;;<<,<;<;;,<<;;;,<<;;<,=;;;;,=;;;<,=;;<; shape:9
# onwind solar H2 battery transmission offwind wind tsc gini
1673.3558 -822.7600 363.1493 0.0000 -410.5705 153.1659 203.9586 45.3654 0.0000 420.3727 279.8213 -281.9697 56.2017 0.0000 -568.8983 2299.1465 158.9521 -496.5860 -73.4095 622.6463 453.3207 -4304.9396 -4248.8858 898.7848 119.1777 596.4734 -964.7949 344.7647 7335.1690 186.6596 -2556.4716 -314.1784 -273.1778
-30.9988 278.7604 -191.5234 477.1148 808.4236 -745.8681 -788.4237 -202.9294 420.0658 -1099.2039 -67.0492 462.5984 324.2690 -363.4172 1512.9898 173.3478 223.1640 -108.4163 -105.0907 0.0000 -711.3690 0.0000 1672.2967 -676.4421 -328.0398 -808.6393 1304.2569 -2064.3900 627.0914 0.0000 364.2356 0.0000 0.0000
102.9815 253.5414 -201.7632 52.5508 -267.0178 10.9973 0.0000 104.0174 0.0000 21.1029 -42.5502 0.0000 12.2944 0.0000 0.0000 8.9392 25.5807 0.0000 0.0000 0.0000 0.0000 0.0000 -25.8119 30.4032 0.0000 -12.9080 0.0000 0.0000 2.4627 0.0000 0.0000 0.0000 0.0000
248.3730 -1510.5958 2707.8636 -1372.0657 821.1650 -1551.2275 772.1524 0.0000 0.0000 -42.4619 100.7608 0.0000 -158.4813 0.0000 0.0000 -23.0307 26.3552 -10.4736 5.6676 0.0000 41.0489 0.0000 33.7514 -321.5667 95.6482 282.4854 -69.1570 -16.6678 0.0000 0.0000 29.6123 0.0000 0.0000
133.3784 -16.7388 0.0000 0.0000 195.2626 -0.2950 0.0000 -52.2269 0.0000 84.0916 6.5542 0.0000 0.0000 0.0000 -14.8466 227.7925 0.0000 0.0000 -54.6838 0.0000 0.0000 0.0000 65.7387 0.0000 0.0000 0.0000 0.0000 0.0000 -174.4761 0.0000 50.7989 0.0000 0.0000
-128.1700 184.6130 -78.0642 -44.7448 58.0907 6.4637 115.4203 -18.0195 -39.8610 6.7845 36.0199 0.0000 -59.1979 0.0000 0.0000 -1010.0839 -246.1007 93.5079 -162.1643 -34.5194 -36.5616 2417.2581 1470.3145 9.1369 0.0000 237.2720 0.0000 79.2897 -4465.5999 0.0000 1731.5318 0.0000 0.0000
1655.3790 -540.0870 60.6908 -110.1387 -479.9927 577.6480 461.2103 135.1219 -217.9385 331.3700 309.6351 -277.0963 -7.8439 12.6514 -505.0659 906.3184 0.0000 0.0000 97.7467 0.0000 318.7820 -1686.7801 -2381.6813 553.0080 0.0000 288.0977 -773.9790 509.4060 2880.5971 0.0000 -1095.4658 0.0000 0.0000
74.7273 7.7386 -10.5720 0.0000 31.7228 21.4291 0.0000 -10.7324 0.0000 21.8499 0.0000 0.0000 0.0000 0.0000 0.0000 -28.8776 0.0000 0.0000 0.0000 0.0000 0.0000 0.0000 77.9293 0.0000 0.0000 0.0000 0.0000 0.0000 64.8184 0.0000 -22.1421 0.0000 0.0000
0.2534 0.0000 0.0000 0.0000 0.0000 0.0000 0.0000 0.0000 0.0000 0.0000 0.0000 0.0000 0.0000 0.0000 0.0000 0.0000 0.0000 0.0000 0.0000 0.0000 0.0000 0.0000 0.0000 0.0000 0.0000 0.0000 0.0000 0.0000 0.0000 0.0000 0.0000 0.0000 0.0000
