# numpoly:1.0.6 names:q0,q1,q2,q3,q4 keys:;;;;;,;;;;<,;;;;=,;;;;>,;;;<;,;;;<<,;;;<=,;;;=;,;;<;;,;;<;<,;;<;=,;;<<;,;;<<<,;;=;;,;<;;;,;<;;<,;<;;=,;<;<;,;<;<<,;<<;;,;=;;;,<;;;;,<;;;<,<;;;=,<;;<;,<;<;;,<<;;;,=;;;;,=<;;; shape:9
# onwind solar H2 battery transmission offwind wind tsc gini
1255.5290 161.4188 -159.2441 62.8938 91.1661 197.5203 0.0000 -106.8666 287.5607 -61.7720 -36.4521 -39.3513 0.0000 -67.4907 1583.8388 23.7036 0.0000 -34.1457 0.0000 129.5345 -1490.8221 -2412.2522 -47.4722 0.0000 1.9380 -24.5033 1840.2279 -86.4236 0.0000
246.4876 -290.0104 273.4367 0.0000 486.2626 -636.8609 36.7474 -26.0344 -1083.7107 148.7804 0.0000 -412.8888 419.0888 710.4561 351.3106 -292.9884 255.1339 48.5192 -56.6198 707.8879 -5.4948 1253.2389 369.9029 -390.5907 120.4255 -1311.8996 -1022.2350 304.2274 268.5337
-58.8024 121.2713 -77.5711 0.0000 -256.2287 28.2250 0.0000 75.2953 72.1564 -19.0505 0.0000 0.0000 0.0000 0.0000 138.0146 -2.3765 0.0000 213.3900 0.0000 -4.2003 175.2165 276.7969 49.5858 0.0000 -201.4384 0.0000 -665.2400 235.6596 0.0000
261.6176 -535.9574 1167.9801 -667.3690 574.9936 -1025.8703 516.7126 0.0000 -38.3355 -290.8847 270.7436 0.0000 0.0000 9.8681 -208.3785 96.4804 0.0000 -45.6515 0.0000 52.2559 -232.0047 -15.6183 -261.8892 11.5386 27.7845 -83.6487 628.6121 -183.3475 0.0000
473.9036 16.8845 -22.3134 0.0000 69.8133 -14.2272 0.0000 9.4613 -11.8946 0.0000 0.0000 15.9309 0.0000 0.0000 -60.0319 -71.0889 0.0000 63.2611 0.0000 0.0000 -440.9069 107.3475 84.3976 0.0000 -83.0491 0.0000 1068.6790 -598.4753 0.0000
38.5380 -2.6071 0.0000 0.0000 12.7277 -19.7824 0.0000 6.7315 10.0413 0.0000 0.0000 4.5734 0.0000 0.0000 -174.0123 0.0000 0.0000 -7.7414 0.0000 0.0000 314.1146 45.9914 14.9668 0.0000 0.0000 0.0000 -446.8328 200.6294 0.0000
1102.3383 7.4600 -74.4120 75.4536 72.7807 203.1804 -2.0418 -94.0141 332.9974 100.9212 -162.1978 1.2553 -28.6937 -104.7124 1162.5250 7.2468 0.0000 -75.3731 0.0000 68.5545 -1021.5914 -1983.5871 -17.1121 0.0000 17.9159 0.0000 1303.8867 39.8261 0.0000
92.9756 7.3328 -10.3308 0.0000 34.3355 22.1986 0.0000 -13.5824 25.9708 0.0000 0.0000 0.0000 0.0000 0.0000 -52.8167 0.0000 0.0000 0.0000 0.0000 0.0000 0.0000 51.2068 0.0000 0.0000 0.0000 0.0000 84.0574 -16.4814 0.0000
0.5779 -0.0147 0.0000 0.0000 0.0416 0.0000 0.0000 0.0000 0.0324 0.0000 0.0000 0.0000 0.0000 0.0000 -0.0021 0.0000 0.0000 0.0000 0.0000 0.0000 0.0000 0.0041 0.0000 0.0000 0.0000 0.0000 0.0000 0.0000 0.0000
