# numpoly:1.0.6 names:q0,q1,q2,q3,q4 keys:;;;;;,;;;;<,;;;;=,;;;;>,;;;<;,;;;<<,;;;<=,;;;=;,;;;=<,;;<;;,;;<;<,;;<;=,;;<<;,;;<<<,;;=;;,;<;;;,;<;;<,;<;<;,;<<;;,;=;;;,<;;;;,<;;;<,<;;<;,<;;=;,<;<;;,<<;;;,=;;;; shape:9
# onwind solar H2 battery transmission offwind wind tsc gini
1416.0472 -544.6685 205.7505 -89.5199 -930.9924 984.9785 0.0000 529.3218 -447.8982 413.2358 320.3500 -20.8246 255.7785 -412.5459 -27.7217 2603.6086 -42.3176 0.0000 382.5484 -3148.6870 -3914.2317 -3.0104 532.4111 -419.9682 -841.7393 4446.4589 -404.4961
904.6497 -76.6973 -197.7812 111.2845 -39.6842 361.0768 -154.2596 -200.9553 76.3395 -1378.1647 -2.0649 0.0000 209.0945 -141.0017 516.0960 2.5779 -44.0957 0.0000 -75.8362 -529.6087 617.1445 30.4338 16.5417 0.0000 -44.4030 1246.0127 -780.6357
99.9715 99.9402 0.6440 0.0000 -140.6381 -17.8200 0.0000 28.3457 0.0000 12.5565 0.0000 0.0000 0.0000 0.0000 0.0000 49.8812 0.0000 1.6198 0.0000 0.0000 -9.0716 0.0000 -15.0916 0.0000 0.0000 0.0000 0.0000
-1.0926 0.5594 0.7000 0.0000 1.3029 -1.9848 0.0000 0.0000 0.0000 0.1298 0.0000 0.0000 0.0000 0.0000 0.0000 0.4726 0.0000 0.0000 0.0000 0.0000 -0.1641 0.0000 0.0000 0.0000 0.0000 0.0000 0.0000
477.7093 -10.4206 -22.0386 0.0000 156.6864 40.5043 0.0000 -25.4000 0.0000 10.8581 -6.5021 0.0000 0.0000 0.0000 0.0000 -88.6200 -21.7763 -100.2403 0.0000 0.0000 51.8558 19.6381 23.3484 0.0000 0.0000 258.2966 -161.8185
13.1957 164.4097 -183.4283 74.8287 48.7918 -65.3575 0.0000 -60.8505 98.1460 -99.0246 0.0000 0.0000 16.4447 0.0000 0.0000 -1225.0530 0.0000 1.3656 -122.2851 1794.7040 1437.1883 0.0000 -1.5147 0.0000 276.6189 -2839.7809 763.6958
988.3389 18.5486 -21.3516 0.0000 71.0016 246.2140 0.0000 -17.1580 -122.7930 531.0962 -16.7637 0.0000 0.0000 0.0000 -8.2549 1227.3836 -25.7491 0.0000 138.7671 -1170.7287 -2083.1203 -13.7030 -101.8284 0.0000 -482.4282 1512.3887 273.4307
93.0365 11.5895 -13.1902 0.0000 35.4801 21.1134 0.0000 -14.0673 0.0000 25.7706 0.0000 0.0000 0.0000 0.0000 0.0000 -61.0570 0.0000 0.0000 0.0000 0.0000 56.8162 0.0000 0.0000 0.0000 0.0000 93.7103 -24.8509
0.5779 -0.0147 0.0000 0.0000 0.0416 0.0000 0.0000 0.0000 0.0000 0.0324 0.0000 0.0000 0.0000 0.0000 0.0000 -0.0021 0.0000 0.0000 0.0000 0.0000 0.0041 0.0000 0.0000 0.0000 0.0000 0.0000 0.0000
