# numpoly:1.0.6 names:q0,q1,q2,q3,q4 keys:;;;;;,;;;;<,;;;;=,;;;;>,;;;<;,;;;<<,;;;<=,;;;=;,;;;>;,;;<;;,;;<;<,;;<;=,;;<<;,;;<=;,;;=;;,;;=;<,;<;;;,;<;;<,;<;;=,;<;<;,;<<;;,;<<;<,;=;;;,;=;;<,<;;;;,<;;;<,<;;;=,<;;<;,<;;<<,<;;=;,<;<;;,<<;;;,=;;;;,=;;;<,=;<;; shape:9
# onwind solar H2 battery transmission offwind wind tsc gini
2000.8919 -215.8770 -149.3628 -54.9498 1158.7414 -178.4864 106.7402 -1173.1341 303.8096 -526.4228 189.8293 -154.5509 -84.3568 0.0000 -347.5240 0.0000 2174.2825 1224.0803 -308.2963 201.2583 166.2320 0.0000 -3667.8194 -386.3547 -6499.0805 -428.5061 639.0386 -527.2926 0.0000 365.0114 3166.3305 6122.3176 -120.1539 -242.5437 -1896.0063
17.5709 303.7412 -167.9412 12.7155 -1147.5817 13.5353 0.0000 906.0563 0.0000 -1187.9300 -449.4719 0.0000 418.1313 64.9011 1189.2414 386.1856 692.3533 -358.2577 342.1361 -350.9328 106.4475 -122.2746 -449.5438 0.0000 2670.7084 221.0509 -217.5371 1266.9546 0.0000 -1066.6043 -3344.4104 579.5433 -667.5092 0.0000 795.1271
113.2272 249.5977 -267.3412 95.2957 -498.6372 29.4168 0.0000 447.7463 -99.0859 -7.0525 -6.0318 0.0000 48.3968 0.0000 0.0000 0.0000 66.2367 18.0236 0.0000 -86.8442 -17.1284 0.0000 0.0000 0.0000 54.4101 8.6827 0.0000 -135.2262 0.0000 0.0000 0.0000 38.1288 0.0000 0.0000 0.0000
804.9760 -5502.9050 9219.8155 -4643.4214 1381.8583 -2463.3773 1356.1562 -2.1045 0.0000 104.4559 -144.2964 116.3681 0.0000 0.0000 0.0000 0.0000 129.1122 -145.4565 0.0000 -50.2182 38.1496 0.0000 -15.8258 0.0000 949.3948 -1453.8023 674.7739 -8.2087 13.2398 0.0000 -181.7053 69.6202 0.0000 0.0000 0.0000
186.5984 240.9829 -330.4659 157.6544 194.3280 40.6741 -34.9619 -67.7462 0.0000 2.1543 -8.8712 0.0000 -91.1024 0.0000 0.0000 0.0000 -82.5185 -12.7520 0.0000 -117.6608 88.8333 0.0000 0.0000 0.0000 118.6529 21.7295 0.0000 184.9329 0.0000 0.0000 55.4248 203.5187 -307.6153 0.0000 0.0000
206.9941 110.9868 -122.3266 50.0820 -29.9759 31.8517 -3.7150 0.0000 0.0000 -61.9988 -15.7372 0.0000 -101.0271 0.0000 0.0000 0.0000 -1561.5757 -95.0512 16.0923 54.3046 0.0000 0.0000 2310.0682 0.0000 1386.8274 89.3715 -22.2124 91.0052 0.0000 0.0000 201.1518 -3807.4303 1378.2768 0.0000 0.0000
834.3614 425.1039 -316.1714 0.0000 1172.3760 -14.8340 0.0000 -1266.4550 336.9248 869.7873 -25.1150 0.0000 -191.4484 0.0000 -371.3579 0.0000 957.2605 84.1138 0.0000 285.8445 60.5995 0.0000 -1396.9606 0.0000 -2354.5764 -346.4679 285.8228 -471.5237 0.0000 372.1115 249.4484 2193.2257 -403.2862 0.0000 0.0000
86.4630 5.6567 -9.2194 0.0000 39.2344 22.4626 0.0000 -15.2305 0.0000 23.1850 0.0000 0.0000 0.0000 0.0000 0.0000 0.0000 -41.3110 0.0000 0.0000 0.0000 0.0000 0.0000 0.0000 0.0000 68.7796 0.0000 0.0000 0.0000 0.0000 0.0000 0.0000 80.9920 -21.2953 0.0000 0.0000
0.2860 0.0000 0.0000 0.0000 0.0000 0.0000 0.0000 0.0000 0.0000 0.0000 0.0000 0.0000 0.0000 0.0000 0.0000 0.0000 0.0000 0.0000 0.0000 0.0000 0.0000 0.0000 0.0000 0.0000 0.0000 0.0000 0.0000 0.0000 0.0000 0.0000 0.0000 0.0000 0.0000 0.0000 0.0000
