# numpoly:1.0.6 names:q0,q1,q2,q3,q4 keys:;;;;;,;;;;<,;;;;=,;;;;>,;;;<;,;;;<<,;;;<=,;;;=;,;;;=<,;;;>;,;;<;;,;;<;<,;;<;=,;;<<;,;;<<<,;;=;;,;<;;;,;<;;<,;<;<;,;<;<<,;<<;;,;=;;;,<;;;;,<;;;<,<;;;=,<;;<;,<;;<<,<;<;;,<<;;;,<<;;<,=;;;;,=;;;< shape:9
# onwind solar H2 battery transmission offwind wind tsc gini
-255.7728 1375.9726 -141.4927 -25.6682 639.2877 -1134.2203 188.7444 -436.4368 199.5156 90.2411 870.0107 -592.6157 -38.8919 -379.8278 650.4776 -135.0364 3405.8609 -1003.2226 155.0576 0.0000 774.5816 -4057.3592 -2635.8996 -205.5914 0.0000 121.8558 0.0000 -840.8732 4721.9284 1433.9776 -1400.1303 -573.6417
1558.9454 -887.3172 125.0927 366.0674 498.5976 480.0913 -816.4848 -111.8699 0.0000 0.0000 -3069.6024 1031.2197 0.0000 110.6140 -678.5973 1282.2365 354.5931 276.5870 -109.4096 176.4672 -357.3675 -718.2265 1688.0414 -832.6569 -27.9819 -573.3909 1172.1948 -682.5789 1861.7187 -498.0610 -668.8065 0.0000
200.1635 107.4327 -2.3456 0.0000 -571.8520 50.8511 -22.5997 474.6335 0.0000 -125.3968 1.2346 25.8856 0.0000 0.0000 0.0000 0.0000 48.7441 -18.5667 -6.3855 0.0000 0.0000 0.0000 68.7202 -48.6730 0.0000 -73.9899 0.0000 0.0000 3.2470 0.0000 0.0000 0.0000
105.3266 -778.9149 936.2528 -477.3872 127.9131 125.7082 91.7617 178.8641 -288.4905 0.0000 34.2829 -278.3598 263.7934 19.6479 -7.2370 0.0000 32.9174 0.0000 -40.2163 0.0000 0.0000 0.0000 321.4615 -159.8615 0.0000 -61.7393 31.2690 -101.5028 0.0000 0.0000 0.0000 0.0000
262.1274 -61.2462 -15.7318 0.0000 25.4219 38.5215 0.0000 0.0000 0.0000 0.0000 25.6296 -67.8514 0.0000 29.3844 0.0000 0.0000 17.4212 59.8031 -50.3757 0.0000 0.0000 -53.8062 76.0110 181.6933 0.0000 73.3665 -129.2434 9.6020 222.9471 0.0000 -241.8134 0.0000
233.7660 22.6876 0.7121 0.0000 94.8600 -36.2324 18.5027 0.0000 0.0000 0.0000 5.5773 0.0000 0.0000 0.0000 0.0000 0.0000 -1500.8743 -84.1305 -53.9061 0.0000 -304.1443 2415.4785 1105.3024 70.0947 0.0000 0.0000 0.0000 369.4720 -3600.0474 0.0000 1327.7638 0.0000
530.2200 697.9415 -208.6670 -50.5170 630.5380 -702.4061 322.5950 -692.5590 93.7942 237.0915 720.6833 -410.8867 0.0000 -190.9301 307.9518 -90.2808 1159.3728 -113.4408 83.5123 0.0000 357.8400 -1458.4635 -1826.2010 88.9215 0.0000 286.3252 -215.2999 -395.5344 1776.9142 245.1255 -342.7826 0.0000
88.3002 6.4070 -9.4024 0.0000 38.4564 21.3801 0.0000 -14.8280 0.0000 0.0000 22.1798 0.0000 0.0000 0.0000 0.0000 0.0000 -42.2761 0.0000 0.0000 0.0000 0.0000 0.0000 61.4225 0.0000 0.0000 0.0000 0.0000 0.0000 83.3372 0.0000 -19.9887 0.0000
0.2376 0.0000 0.0000 0.0000 0.0000 0.0000 0.0000 0.0000 0.0000 0.0000 0.0000 0.0000 0.0000 0.0000 0.0000 0.0000 0.0000 0.0000 0.0000 0.0000 0.0000 0.0000 0.0000 0.0000 0.0000 0.0000 0.0000 0.0000 0.0000 0.0000 0.0000 0.0000
