# numpoly:1.0.6 names:q0,q1,q2,q3,q4 keys:;;;;;,;;;;<,;;;;=,;;;;>,;;;<;,;;;<<,;;;<=,;;;=;,;;;>;,;;<;;,;;<;<,;;<<;,;;<<<,;;=;;,;<;;;,;<;;<,;<;<;,;<;<<,;<<;;,;=;;;,<;;;;,<;;;<,<;;;=,<;;<;,<;;<<,<;<;;,<<;;;,=;;;; shape:9
# onwind solar H2 battery transmission offwind wind tsc gini
1356.6618 160.6804 -277.4506 0.0000 88.6924 -274.8840 438.7903 -81.0952 0.0000 364.1700 -167.0614 -34.5317 55.6963 -85.8062 265.7694 100.1926 101.2447 -60.9751 0.0000 -353.1716 -1354.0962 528.8990 -183.2944 143.6961 -231.7679 227.4010 381.0965 0.0000
644.8139 16.1316 314.4106 82.4189 749.6709 -625.1578 -281.9002 -206.3033 83.4024 -1847.8194 466.5872 -90.5902 0.0000 992.0613 574.2514 -258.2454 137.4846 0.0000 -37.0570 -1298.4870 935.8966 -885.4747 0.0000 -654.7778 950.0885 -1010.4248 2532.1290 -733.1550
-3.7166 155.6675 -60.2994 0.0000 -218.4855 55.4971 -14.5481 72.2630 0.0000 25.3047 -21.3964 0.0000 0.0000 0.0000 101.9758 -4.3430 81.7197 0.0000 0.0000 0.6132 206.1327 0.0000 0.0000 -107.3514 0.0000 0.0000 -244.0763 77.5853
340.3401 -1073.9049 1599.3560 -678.4448 499.2240 -403.9450 0.0000 0.0000 0.0000 -105.6566 168.0338 -4.8344 0.0000 0.0000 32.2172 -131.2851 -80.8865 0.0000 0.0000 -296.1833 -149.7986 -497.2484 228.0866 -85.2948 137.5722 -75.4743 881.0256 -207.8482
227.8859 27.1432 -23.3393 0.0000 49.1420 -6.3324 0.0000 0.0000 0.0000 81.7121 -19.1436 0.0000 0.0000 -11.9990 111.7582 0.0000 0.0000 0.0000 0.0000 -291.5138 47.4210 19.6850 0.0000 -6.0601 0.0000 0.0000 571.2946 -286.3252
-25.9776 0.7508 6.5202 0.0000 15.0176 -14.0448 0.0000 0.0000 0.0000 -0.1293 0.0000 0.0000 0.0000 0.0000 -2.7203 8.3891 -22.4367 0.0000 0.0000 85.1896 54.2950 -8.9307 0.0000 18.7001 0.0000 0.0000 -180.3764 63.8500
1428.1921 136.3853 -376.9426 0.0000 -10.6501 -55.0737 420.1044 -69.6509 0.0000 402.9798 -144.1309 -11.1812 18.0341 -112.5750 54.2563 88.2363 13.9753 0.0000 0.0000 -85.0408 -1302.9815 526.9422 -37.6406 317.5001 -512.0969 218.9326 111.6497 84.0647
87.0465 7.2374 -10.4349 0.0000 32.5512 22.5754 0.0000 -10.9314 0.0000 23.5393 0.0000 0.0000 0.0000 0.0000 -42.4821 0.0000 0.0000 0.0000 0.0000 0.0000 72.4493 0.0000 0.0000 0.0000 0.0000 0.0000 83.9861 -25.6970
0.2604 0.0000 0.0000 0.0000 0.0000 0.0000 0.0000 0.0000 0.0000 0.0000 0.0000 0.0000 0.0000 0.0000 0.0000 0.0000 0.0000 0.0000 0.0000 0.0000 0.0000 0.0000 0.0000 0.0000 0.0000 0.0000 0.0000 0.0000
