# numpoly:1.0.6 names:q0,q1,q2,q3,q4 keys:;;;;;,;;;;<,;;;;=,;;;;>,;;;<;,;;;<<,;;;<=,;;;=;,;;;=<,;;;>;,;;<;;,;;<;<,;;<;=,;;<<;,;;<<<,;;=;;,;<;;;,;<;;<,;<;<;,;<;<<,;<<;;,;=;;;,<;;;;,<;;;<,<;;;=,<;;<;,<;;<<,<;<;;,<;<;<,<<;;;,<<;;<,<=;;;,=;;;;,=;;;<,=<;;; shape:9
# onwind solar H2 battery transmission offwind wind tsc gini
4115.8480 517.9830 -47.4704 0.0000 -388.3118 636.6819 352.5263 -68.5271 0.0000 0.0000 1179.3270 -698.2225 -328.6979 111.8468 0.0000 -465.6889 -966.7207 -1066.8614 -48.6583 78.4811 610.6997 -2633.8805 -12814.8752 120.7104 0.0000 618.1733 -1350.4762 -1067.3849 1179.8400 12033.4315 1382.1836 789.9181 6288.1997 -722.5963 -6767.3116
1963.5251 -1960.1093 714.9757 91.7646 -1120.9281 935.0024 -389.1730 1582.7118 0.0000 -761.8291 -2671.0232 2242.7078 -121.1499 584.0105 -1447.8947 1132.8650 228.8953 -291.5349 -516.4777 411.4172 -607.1778 690.5263 562.8857 35.2859 -305.3018 -136.3710 433.8464 -202.1446 -534.8023 -360.4983 0.0000 0.0000 348.7433 0.0000 0.0000
266.8861 -90.7026 2.1061 0.0000 -647.2358 688.0302 -79.3116 447.0386 -362.0918 0.0000 -18.1655 34.1404 0.0000 0.0000 0.0000 0.0000 38.7592 -49.8682 -95.6709 30.7819 0.0000 0.0000 88.5664 -80.3053 0.0000 -144.8287 0.0000 0.0000 0.0000 76.3921 0.0000 0.0000 0.4030 0.0000 0.0000
354.8413 -1359.6853 2333.9867 -1289.1456 153.0591 -1103.9605 764.4522 559.2838 0.0000 -235.2775 -267.6843 66.8689 174.1138 148.5819 -201.1292 63.0578 184.1938 -114.8003 -130.5220 0.0000 0.0000 0.0000 184.3935 -190.9369 0.0000 0.0000 0.0000 -90.7356 0.0000 0.0000 0.0000 0.0000 34.2329 0.0000 0.0000
376.1906 59.0319 -87.1922 0.0000 89.7057 -110.7752 53.4341 0.0000 0.0000 0.0000 9.6903 -66.9014 0.0000 83.6883 0.0000 0.0000 325.8854 117.1290 -230.1007 0.0000 0.0000 0.0000 -102.7415 73.2089 0.0000 157.4159 0.0000 0.0000 0.0000 -139.9113 0.0000 0.0000 0.0000 0.0000 0.0000
-288.9159 205.8307 -284.5969 54.9241 77.9526 177.2703 -118.0116 -433.2986 88.5101 153.2209 8.5631 -278.6265 268.7563 -59.6876 0.0000 71.7229 -880.7755 172.0476 358.6156 -374.1147 -262.0450 1001.5667 1915.1104 77.7834 0.0000 81.6673 144.0199 353.6787 -111.7510 -2041.6651 0.0000 0.0000 91.2002 0.0000 0.0000
918.4534 -119.2773 -231.3523 0.0000 -101.5910 227.4765 168.8734 -212.6593 132.9483 0.0000 591.3998 -226.3416 0.0000 -1.0566 61.6226 -302.2553 930.5915 50.1345 94.7096 0.0000 274.9390 -765.1404 -2068.4416 834.6830 0.0000 488.6794 -846.4621 -31.2398 0.0000 769.8697 0.0000 0.0000 112.2607 0.0000 0.0000
88.7352 8.0198 -10.3293 0.0000 29.6674 21.0954 0.0000 -9.2770 0.0000 0.0000 27.1456 0.0000 0.0000 0.0000 0.0000 0.0000 -41.0015 0.0000 0.0000 0.0000 0.0000 0.0000 56.2478 0.0000 0.0000 0.0000 0.0000 0.0000 0.0000 70.4702 0.0000 0.0000 -11.4498 0.0000 0.0000
0.5674 0.0085 0.0000 0.0000 -0.0087 0.0000 0.0000 0.0000 0.0000 0.0000 0.0485 0.0000 0.0000 0.0000 0.0000 0.0000 0.0562 0.0000 0.0000 0.0000 0.0000 0.0000 -0.0382 0.0000 0.0000 0.0000 0.0000 0.0000 0.0000 0.0000 0.0000 0.0000 0.0000 0.0000 0.0000
