# numpoly:1.0.6 names:q0,q1,q2,q3,q4 keys:;;;;;,;;;;<,;;;;=,;;;;>,;;;<;,;;;<<,;;;<=,;;;=;,;;;=<,;;<;;,;;<;<,;;<;=,;;<<;,;;<<<,;;<=;,;;=;;,;;=;<,;;=<;,;<;;;,;<;;<,;<;;=,;<;<;,;<;<<,;<<;;,;=;;;,<;;;;,<;;;<,<;;;=,<;;<;,<;;<<,<;<;;,<;<<;,<<;;;,<<;;<,=;;;;,=;;;< shape:9
# onwind solar H2 battery transmission offwind wind tsc gini
223.4723 962.7589 -371.8546 493.1876 1923.4877 -983.9607 -650.7588 -1129.4217 860.6600 796.3006 -142.1323 0.0000 -1615.0153 0.0000 699.5565 -382.9547 -21.6771 304.4989 3730.8558 -1151.9455 -87.2856 -626.7747 809.0540 168.0541 -4834.5896 -3894.7050 573.7261 -364.8019 265.3890 0.0000 72.4147 0.0000 7055.4871 1013.9800 -2275.3570 -598.5195
39.4717 586.5224 269.1853 -316.0172 862.0395 -1077.7630 -40.2758 -227.0710 389.6417 -634.0170 -109.7754 -433.0643 -1071.2364 1638.5792 0.0000 1128.6155 0.0000 0.0000 205.0603 643.3327 -450.8512 35.1494 0.0000 -654.5157 0.0000 1093.6308 -1608.9521 1389.8480 299.2877 -861.2425 -898.1257 55.4541 333.1941 0.0000 -73.4339 165.6262
-49.8341 235.8255 9.5497 -69.9761 -14.3179 -357.3788 195.1430 65.5877 0.0000 20.5324 0.2685 0.0000 0.0000 0.0000 0.0000 0.0000 0.0000 0.0000 26.0261 11.4822 0.0000 -9.1948 0.0000 0.0000 0.0000 -23.6381 -27.4852 0.0000 14.4499 0.0000 0.0000 0.0000 0.0000 0.0000 0.0000 0.0000
515.7071 -1044.3679 484.4242 348.6732 -151.6775 1732.4662 -1464.1602 -477.8996 258.1632 673.1750 -464.1431 235.6851 57.0467 0.0000 0.0000 0.0000 0.0000 0.0000 -119.2826 126.8130 0.0000 97.5726 0.0000 -59.9810 -93.8698 -218.7776 -133.2785 0.0000 -200.7170 81.0005 0.0000 0.0000 0.0000 0.0000 10.6245 0.0000
527.8915 178.2027 -34.7585 -71.4071 30.4412 -74.5194 155.8169 4.2595 -52.7536 95.7945 -53.2027 0.0000 -65.8332 0.0000 0.0000 -9.2715 0.0000 0.0000 -150.9855 -74.3857 0.0000 49.3977 0.0000 0.0000 0.0000 32.7507 57.7650 21.1967 0.0000 0.0000 55.3488 0.0000 144.1227 0.0000 -131.7060 0.0000
26.0309 -287.0492 407.8178 -164.1564 -211.0087 226.7733 139.6572 169.1654 -228.2623 176.0250 129.6212 0.0000 52.4382 -84.5778 0.0000 -46.5702 0.0000 0.0000 -1615.4502 -113.7035 18.0988 92.8902 -166.5138 0.0000 2853.4699 1657.2829 37.5478 0.0000 0.0000 0.0000 0.0000 0.0000 -4581.4159 0.0000 1633.4273 0.0000
1321.4171 -453.8836 347.2446 216.7936 432.7306 94.8590 -434.3056 -465.4531 446.3053 307.4495 100.5582 0.0000 -296.4334 -273.1442 240.0447 -264.2070 0.0000 0.0000 1130.1606 -58.9433 0.0000 -180.2101 33.6194 204.9662 -1823.1853 -2355.3605 787.8231 -622.8951 252.2643 0.0000 137.5159 0.0000 3005.0028 0.0000 -918.2138 0.0000
98.3648 35.0284 -10.6622 0.0000 13.7557 23.2636 0.0000 -10.7843 0.0000 48.1687 0.0000 0.0000 0.0000 0.0000 0.0000 0.0000 0.0000 0.0000 -67.9159 0.0000 0.0000 0.0000 0.0000 0.0000 0.0000 43.8049 0.0000 0.0000 0.0000 0.0000 0.0000 0.0000 96.1652 0.0000 -26.5395 0.0000
0.6129 -0.0129 0.0000 0.0000 -0.0133 0.0000 0.0000 0.0000 0.0000 0.0280 0.0000 0.0000 0.0000 0.0000 0.0000 0.0000 0.0000 0.0000 -0.0277 0.0000 0.0000 0.0000 0.0000 0.0000 0.0000 0.0447 0.0000 0.0000 0.0000 0.0000 0.0000 0.0000 0.0000 0.0000 0.0000 0.0000
