# numpoly:1.0.6 names:q0,q1,q2,q3,q4 keys:;;;;;,;;;;<,;;;;=,;;;;>,;;;<;,;;;<<,;;;<=,;;;=;,;;;=<,;;;>;,;;<;;,;;<;<,;;<;=,;;<<;,;;<<<,;;=;;,;<;;;,;<;;<,;<;;=,;<;<;,;<;<<,;<<;;,;=;;;,<;;;;,<;;;<,<;;;=,<;;<;,<;;<<,<;;=;,<;<;;,<;<;<,<;<<;,<<;;;,=;;;;,=;;<; shape:9
# onwind solar H2 battery transmission offwind wind tsc gini
1788.5128 -435.1435 525.2866 0.0000 -416.6757 226.3535 -485.0293 91.1535 30.8249 0.0000 331.4682 -111.1630 0.0000 17.2394 0.0000 -177.8252 2124.3901 234.1767 88.1991 610.2216 -569.6428 204.5108 -3779.2900 -4796.6280 -174.1098 -331.6106 659.5249 1205.2828 -355.2029 85.5549 -93.7289 0.0000 6289.3758 -1041.7968 -857.3196
342.9683 1176.3517 414.6393 -253.0653 -494.1707 -824.3897 639.8800 -28.3518 -295.8986 108.2629 -519.3988 -1144.5713 -593.5324 45.6775 902.6763 891.7879 95.0880 36.9440 0.0000 -46.5491 0.0000 -122.8670 -285.7149 658.4416 -1479.6118 231.6256 1392.7020 -598.6407 0.0000 -1543.8853 1682.1839 -788.3809 821.3261 -15.6788 0.0000
223.6067 97.2222 -358.1505 137.8962 -475.7898 602.2448 0.0000 150.8325 -298.4150 0.0000 29.1860 -57.2912 0.0000 0.0000 0.0000 0.0000 16.6048 2.4490 0.0000 13.9759 0.0000 0.0000 0.0000 87.8121 20.7613 0.0000 0.0000 0.0000 0.0000 12.2098 0.0000 0.0000 2.4008 -60.6441 0.0000
-25.6773 -283.0519 689.2430 -413.7085 313.9013 -724.6930 364.3102 95.8982 4.6659 0.0000 -17.0508 112.7171 0.0000 -58.7883 0.0000 0.0000 57.0398 -17.5751 0.0000 0.0000 0.0000 0.0000 0.0000 -25.0689 -36.7815 0.0000 0.0000 0.0000 0.0000 -37.4824 0.0000 0.0000 -58.0820 76.6698 0.0000
320.6151 16.3409 13.3537 0.0000 32.9135 -66.1580 0.0000 78.4548 0.0000 0.0000 76.6126 -6.7256 0.0000 0.0000 0.0000 0.0000 80.4025 22.8427 0.0000 -194.7604 0.0000 0.0000 0.0000 -208.6079 -13.3178 0.0000 131.4831 0.0000 0.0000 -31.3412 0.0000 0.0000 220.3120 -44.9170 0.0000
42.3568 -64.3585 -19.6125 0.0000 -195.0741 96.5446 32.0230 102.6849 0.0000 0.0000 -23.8277 51.7323 0.0000 35.8950 0.0000 0.0000 -1282.5693 -2.2452 0.0000 -142.1087 3.1423 -13.6788 2202.5736 1653.4764 132.4268 15.9561 293.4012 -294.9653 0.0000 2.8059 0.0000 0.0000 -3798.8464 1255.7391 0.0000
1141.9606 -30.5363 323.8655 0.0000 646.1639 -170.5379 -355.2518 -171.2102 164.0496 0.0000 358.0491 -121.7034 0.0000 62.7568 0.0000 -182.8698 915.6243 -57.6138 0.0000 95.6155 0.0000 109.1375 -1404.3524 -2054.4557 -132.8593 -90.5756 -742.7967 535.5239 0.0000 105.7381 0.0000 0.0000 2407.7595 -359.5884 0.0000
80.9290 9.2700 -11.7525 0.0000 30.5678 21.3388 0.0000 -9.9383 0.0000 0.0000 22.3393 0.0000 0.0000 0.0000 0.0000 0.0000 -38.4566 0.0000 0.0000 0.0000 0.0000 0.0000 0.0000 70.9753 0.0000 0.0000 0.0000 0.0000 0.0000 0.0000 0.0000 0.0000 76.8972 -23.9693 0.0000
0.2082 0.0000 0.0000 0.0000 0.0000 0.0000 0.0000 0.0000 0.0000 0.0000 0.0000 0.0000 0.0000 0.0000 0.0000 0.0000 0.0000 0.0000 0.0000 0.0000 0.0000 0.0000 0.0000 0.0000 0.0000 0.0000 0.0000 0.0000 0.0000 0.0000 0.0000 0.0000 0.0000 0.0000 0.0000
