# numpoly:1.0.6 names:q0,q1,q2,q3,q4 keys:;;;;;,;;;;<,;;;;=,;;;;>,;;;<;,;;;<<,;;;<=,;;;=;,;;;=<,;;;>;,;;<;;,;;<;<,;;<;=,;;<<;,;;<<<,;;<=;,;;=;;,;;=;<,;;=<;,;<;;;,;<;;<,;<;;=,;<;<;,;<;<<,;<;=;,;<<;;,;<<<;,;=;;;,;=;;<,<;;;;,<;;;<,<;;;=,<;;<;,<;;<<,<;;=;,<;<;;,<;<;<,<<;;;,<<;;<,<<;<;,<<<;;,=;;;;,=;;;<,=;;<;,=;<;;,=<;;; shape:9
# onwind solar H2 battery transmission offwind wind tsc gini
2420.5250 -2225.7641 504.2794 -118.2655 179.9655 -506.5193 67.0013 -98.3934 167.3508 0.0000 555.7349 -635.3068 0.0000 -493.3824 747.6982 0.0000 0.0000 0.0000 0.0000 2856.7409 -431.4620 44.2491 -278.1955 586.9022 0.0000 618.8503 0.0000 -3874.5550 0.0000 -7708.0604 6408.7527 -500.5093 736.1331 -1187.3114 0.0000 -529.6830 0.0000 5608.0073 8.5872 0.0000 0.0000 738.1674 -2908.7728 0.0000 0.0000 0.0000
1495.1562 -819.8233 77.3280 392.9357 262.5395 1015.6769 -890.6136 -118.6850 0.0000 0.0000 -3225.7823 1013.6309 0.0000 33.1784 -623.2363 0.0000 1525.1388 0.0000 0.0000 824.2867 -184.6337 0.0000 -144.2120 232.6000 0.0000 -502.3457 0.0000 -896.6277 0.0000 2106.6422 -895.4884 0.0000 -193.4387 577.6418 0.0000 -946.0778 0.0000 1896.8256 -19.5362 0.0000 0.0000 -901.8815 0.0000 0.0000 0.0000 0.0000
218.3253 81.5882 33.7813 0.0000 -695.4623 93.5270 -61.3184 652.7282 0.0000 -211.5377 7.9094 7.3863 0.0000 6.2320 0.0000 0.0000 0.0000 0.0000 0.0000 47.1899 -23.1670 0.0000 -2.7926 0.0000 0.0000 0.0000 0.0000 0.0000 0.0000 83.1790 -45.5038 0.0000 -86.6909 0.0000 0.0000 0.0000 0.0000 0.0000 0.0000 0.0000 0.0000 0.0000 0.0000 0.0000 0.0000 0.0000
-0.7659 -597.6670 913.7711 -453.7439 484.5323 -563.4304 296.6073 170.4719 -317.3456 0.0000 -149.2239 87.6653 0.0000 0.0000 0.0000 0.0000 0.0000 0.0000 0.0000 -37.9401 46.7047 0.0000 5.6736 0.0000 0.0000 0.0000 0.0000 0.0000 0.0000 651.3727 -480.7485 0.0000 -408.4414 595.4068 0.0000 0.0000 0.0000 0.0000 0.0000 0.0000 0.0000 -145.0981 0.0000 0.0000 0.0000 0.0000
332.9754 -32.8339 -14.8008 0.0000 28.1333 59.9309 0.0000 0.0000 0.0000 0.0000 33.0700 -20.0117 0.0000 0.0000 0.0000 0.0000 0.0000 0.0000 0.0000 -60.9654 5.3549 0.0000 -55.7266 0.0000 0.0000 0.0000 0.0000 -28.8198 0.0000 -59.1129 118.6715 0.0000 65.7589 -104.4228 0.0000 0.0000 0.0000 306.2272 0.0000 0.0000 0.0000 -168.2712 0.0000 0.0000 0.0000 0.0000
-37.7457 29.5720 25.2663 0.0000 88.8807 6.7837 -4.3494 10.6047 0.0000 0.0000 243.4815 -46.7377 0.0000 0.0000 0.0000 0.0000 0.0000 0.0000 0.0000 -1207.5055 -76.6412 0.0000 -88.5901 0.0000 0.0000 -314.7931 0.0000 2263.4327 0.0000 1174.7100 57.7319 0.0000 0.0000 0.0000 0.0000 125.1277 0.0000 -3536.6396 0.0000 0.0000 0.0000 1352.2639 0.0000 0.0000 0.0000 0.0000
3527.9306 5247.6197 1033.2837 -722.3090 -7645.6330 -2488.8917 1869.5754 3353.2869 567.2784 0.0000 4487.4971 3276.3701 66.1376 3487.4797 0.0000 3840.1237 2984.9838 -2921.7658 -1722.7681 -9815.7415 3296.3825 -1508.1392 11009.7472 -6431.9543 -4104.1265 -5726.4021 -6647.3887 -1310.9951 1443.1201 -612.0496 -18258.3037 73.4213 -522.6793 5149.5400 -4962.5194 -17287.0137 1794.5838 18719.2021 1520.0827 5875.2749 13282.5312 6892.8187 6987.7428 175.0996 3065.9840 -19565.4356
59.6128 13.1013 -11.7565 0.0000 54.3569 16.3606 0.0000 -22.5027 0.0000 0.0000 22.5081 0.0000 0.0000 0.0000 0.0000 0.0000 0.0000 0.0000 0.0000 -49.8651 0.0000 0.0000 0.0000 0.0000 0.0000 0.0000 0.0000 0.0000 0.0000 130.0706 0.0000 0.0000 0.0000 0.0000 0.0000 0.0000 0.0000 89.1793 0.0000 0.0000 0.0000 -64.7138 0.0000 0.0000 0.0000 0.0000
0.2283 0.0000 0.0000 0.0000 0.0000 0.0000 0.0000 0.0000 0.0000 0.0000 0.0000 0.0000 0.0000 0.0000 0.0000 0.0000 0.0000 0.0000 0.0000 0.0000 0.0000 0.0000 0.0000 0.0000 0.0000 0.0000 0.0000 0.0000 0.0000 0.0000 0.0000 0.0000 0.0000 0.0000 0.0000 0.0000 0.0000 0.0000 0.0000 0.0000 0.0000 0.0000 0.0000 0.0000 0.0000 0.0000
