# numpoly:1.0.6 names:q0,q1,q2,q3,q4 keys:;;;;;,;;;;<,;;;;=,;;;;>,;;;<;,;;;<<,;;;<=,;;;=;,;;;=<,;;;>;,;;<;;,;;<;<,;;<<;,;;<<<,;;=;;,;<;;;,;<;;<,;<;;=,;<;<;,;<;<<,;<<;;,;=;;;,<;;;;,<;;;<,<;;;=,<;;<;,<;;<<,<;;=;,<;<;;,<<;;;,=;;;; shape:9
# onwind solar H2 battery transmission offwind wind tsc gini
1354.6113 204.2340 -19.3004 -161.7075 20.4948 -539.6783 509.9965 4.2749 0.0000 1.0718 336.4340 -117.9002 -41.6713 52.3647 0.0000 1098.2946 256.0963 0.0000 537.9175 -460.8558 260.3624 -2157.9683 -2200.8598 50.1035 -45.4184 -264.3736 246.9764 -34.3355 -239.2677 3054.2735 -630.2465
1347.6701 -639.3114 -11.5944 323.3916 107.8750 810.5702 -646.4724 -66.3693 0.0000 0.0000 -2519.5076 673.3508 3.3171 -355.5234 1187.1234 359.9781 -11.3109 0.0000 0.0000 0.0000 -357.3001 -656.2836 1518.8449 -633.4454 0.0000 -146.0988 392.6720 0.0000 -742.6756 1609.9243 -709.7517
182.1710 120.7480 -34.1444 49.1711 -295.1193 154.6598 -238.5167 4.5701 102.8238 0.0000 12.8324 -3.0763 0.0000 0.0000 0.0000 4.2652 13.2220 0.0000 -3.2261 0.0000 0.0000 0.0000 -47.9500 -0.6447 0.0000 76.8124 0.0000 0.0000 0.0000 0.0000 0.0000
49.8976 -419.6474 607.7034 -375.3233 652.5109 -1302.9494 1040.8862 241.1122 -417.4290 0.0000 -85.7834 70.6178 -3.5627 0.0000 0.0000 112.6063 -232.1018 115.7975 0.0000 0.0000 0.0000 0.0000 -53.1625 356.1878 -292.8046 -140.0318 157.1013 0.0000 0.0000 0.0000 0.0000
54.1797 -157.8300 191.5638 -79.4286 149.8470 -5.1438 0.0000 62.2961 0.0000 0.0000 -37.2673 -1.2794 20.6414 0.0000 0.0000 8.6539 0.0000 0.0000 33.9148 0.0000 0.0000 0.0000 456.4313 0.0000 0.0000 -239.4556 0.0000 0.0000 37.5677 -123.3513 -28.8356
74.8740 0.1797 7.6912 0.0000 23.3851 0.0000 0.0000 34.2152 0.0000 0.0000 5.4985 -4.9117 0.0000 0.0000 0.0000 -466.9930 11.7434 0.0000 -80.4410 0.0000 -9.3826 785.1689 308.0529 -13.7863 0.0000 24.5148 0.0000 0.0000 21.8321 -1190.7113 484.2011
1413.8642 293.6222 43.1464 -200.5658 185.3283 -707.9210 533.3678 6.0233 0.0000 0.0000 377.6067 -101.1966 0.0000 0.0000 -15.3829 711.0432 -40.3961 0.0000 155.3888 -9.6977 148.0772 -1205.2218 -2078.9237 202.1916 -44.7975 -121.7850 0.0000 0.0000 -145.1385 1773.3414 -81.6623
92.9430 8.3877 -11.4185 0.0000 34.3596 22.7873 0.0000 -12.2955 0.0000 0.0000 23.3672 0.0000 0.0000 0.0000 0.0000 -46.6302 0.0000 0.0000 0.0000 0.0000 0.0000 0.0000 60.8682 0.0000 0.0000 0.0000 0.0000 0.0000 0.0000 88.0688 -20.6752
0.1663 0.0000 0.0000 0.0000 0.0000 0.0000 0.0000 0.0000 0.0000 0.0000 0.0000 0.0000 0.0000 0.0000 0.0000 0.0000 0.0000 0.0000 0.0000 0.0000 0.0000 0.0000 0.0000 0.0000 0.0000 0.0000 0.0000 0.0000 0.0000 0.0000 0.0000
