# numpoly:1.0.6 names:q0,q1,q2,q3,q4 keys:;;;;;,;;;;<,;;;;=,;;;;>,;;;<;,;;;<<,;;;<=,;;;=;,;;;=<,;;;>;,;;<;;,;;<;<,;;<;=,;;<<;,;;=;;,;<;;;,;<;;<,;<;;=,;<;<;,;<;<<,;<<;;,;=;;;,<;;;;,<;;;<,<;;;=,<;;<;,<;;<<,<;<;;,<;<;<,<<;;;,<<;;<,<<;<;,<=;;;,=;;;;,=;;;<,=<;;; shape:9
# onwind solar H2 battery transmission offwind wind tsc gini
5772.5895 -615.1365 441.0264 0.0000 -91.7664 -145.8137 0.0000 -107.5068 67.1576 0.0000 -32.9727 -58.9078 -144.5377 98.8076 -181.1107 -1981.6772 -351.2026 -651.6734 -395.8329 1389.9674 628.5869 -2945.4798 -15453.0654 1243.6299 267.3920 1033.9251 -1347.7845 -154.5547 158.8672 15310.7197 314.3965 -558.0202 701.0369 6453.1347 -489.6468 -7594.7369
127.7805 -524.8128 125.2654 -83.9713 -165.6274 -366.6913 415.6697 357.2227 -406.4073 5.7597 -973.3383 500.3295 0.0000 -109.7372 1233.1757 1129.3888 488.9411 0.0000 35.9296 0.0000 -773.6799 -1152.9081 975.2830 151.1131 0.0000 81.8232 96.1253 -1321.6795 0.0000 1841.2656 -721.6873 0.0000 0.0000 -1092.5856 0.0000 546.4285
122.5210 223.3755 -227.2788 121.6587 -272.6555 85.4494 -99.9072 128.7952 0.0000 0.0000 20.7781 -58.6391 0.0000 29.2101 0.0000 -20.0343 49.3798 0.0000 0.0000 0.0000 0.0000 0.0000 53.3726 12.1254 0.0000 -78.3107 0.0000 0.0000 0.0000 0.0000 0.0000 0.0000 0.0000 0.0000 0.0000 0.0000
37.2393 -805.9534 1860.7770 -1156.2748 677.0759 -1566.0117 1017.2412 -15.0047 -14.4673 0.0000 -9.4373 189.8545 0.0000 -119.8991 0.0000 67.7620 -261.1123 47.7738 91.8534 0.0000 0.0000 0.0000 95.5174 -71.0244 0.0000 48.5268 0.0000 -98.2115 0.0000 26.3845 0.0000 0.0000 0.0000 0.0000 0.0000 0.0000
373.4193 49.0766 -12.8051 6.8844 203.1541 -185.2135 0.0000 -42.1802 129.6106 0.0000 17.8492 23.4096 0.0000 -32.3719 -1.4140 253.8648 0.0000 0.0000 -223.6827 0.0000 0.0000 -3.6743 -154.1799 0.0000 0.0000 198.6071 0.0000 0.0000 0.0000 3.4138 0.0000 0.0000 0.0000 0.0000 0.0000 0.0000
304.9185 -220.5947 -20.3460 7.5508 -318.5587 577.2183 -99.4729 -15.7137 0.0000 0.0000 0.0633 -101.9307 59.3719 -31.6488 0.0000 -1876.3222 272.4142 110.5040 387.3457 -624.7512 -166.1043 2134.8603 2125.9078 17.2403 -167.8212 -41.1156 245.7531 315.9019 0.0000 -3485.8704 0.0000 0.0000 0.0000 834.8608 0.0000 0.0000
2493.0854 -399.9892 100.9878 0.0000 19.4162 339.7879 -38.9133 -168.7328 121.1584 0.0000 221.1655 -158.1733 0.0000 62.0543 -249.6426 -831.0923 -8.1192 -188.7824 -246.7354 397.9603 356.4948 -97.8906 -4679.6265 741.8873 0.0000 347.8348 -798.4696 161.3024 0.0000 3202.1476 0.0000 0.0000 0.0000 2012.2769 0.0000 -1894.1593
94.9539 7.5653 -9.8887 0.0000 32.3505 21.3894 0.0000 -11.4365 0.0000 0.0000 26.4128 0.0000 0.0000 0.0000 0.0000 -57.3319 0.0000 0.0000 0.0000 0.0000 0.0000 0.0000 57.9211 0.0000 0.0000 0.0000 0.0000 0.0000 0.0000 90.1664 0.0000 0.0000 0.0000 -22.6173 0.0000 0.0000
0.5845 0.0215 0.0000 0.0000 0.0190 0.0000 0.0000 0.0000 0.0000 0.0000 0.0317 0.0000 0.0000 0.0000 0.0000 -0.0266 0.0000 0.0000 0.0000 0.0000 0.0000 0.0000 0.0190 0.0000 0.0000 0.0000 0.0000 0.0000 0.0000 0.0000 0.0000 0.0000 0.0000 0.0000 0.0000 0.0000
