# numpoly:1.0.6 names:q0,q1,q2,q3,q4 keys:;;;;;,;;;;<,;;;;=,;;;;>,;;;<;,;;;<<,;;;<=,;;;=;,;;;=<,;;;>;,;;<;;,;;<;<,;;<;=,;;<<;,;;<=;,;;=;;,;;=;<,;<;;;,;<;;<,;<;;=,;<;<;,;<;<<,;<;=;,;<<;;,;<<;<,;<<<;,;=;;;,;=;;<,<;;;;,<;;;<,<;;;=,<;;<;,<;;<<,<;<;;,<;<;<,<;<<;,<;=;;,<<;;;,<<;;<,<=;;;,=;;;;,=;;;<,=;<;;,=<;;;,>;;;; shape:9
# onwind solar H2 battery transmission offwind wind tsc gini
1720.0369 -175.3066 -181.2713 121.4217 -20.8138 467.0666 -217.0313 -131.0812 0.0000 0.0000 164.7604 350.7705 12.0574 -65.4791 0.0000 -145.7202 0.0000 1620.0794 -1.2862 0.0000 120.5132 0.0000 0.0000 0.1492 0.0000 0.0000 -2519.3327 0.0000 -2615.9069 222.4033 0.0000 -79.4480 67.0249 404.1903 -439.5263 0.0000 0.0000 3610.0851 0.0000 0.0000 -950.2305 0.0000 0.0000 0.0000 0.0000
-6407.5504 7201.7116 -382.6627 543.4161 -1471.0031 -906.3533 -892.2777 2471.2004 432.1926 0.0000 9549.3751 -4912.9311 0.0000 -641.4240 -805.5321 -3230.5517 -244.5815 -2429.8813 -7654.2401 0.0000 613.6345 1345.1116 -2011.6879 -3694.6053 4115.6411 2077.0908 7899.3823 990.7932 12953.3296 -3805.8801 325.6661 -264.4588 0.0000 -11820.0107 2277.0045 0.0000 5780.2415 2713.1692 1829.9019 -12851.3591 -9157.6752 -70.8916 0.0000 11131.2990 0.0000
158.6117 115.7981 -226.9486 178.9106 -281.4632 234.6281 -207.0399 49.8608 0.0000 0.0000 20.5649 -18.1954 0.0000 15.5763 0.0000 0.0000 0.0000 9.8069 -24.5581 0.0000 83.8666 0.0000 0.0000 0.0000 0.0000 0.0000 0.0000 0.0000 -34.7136 94.9639 0.0000 -58.4273 0.0000 0.0000 0.0000 0.0000 0.0000 0.0000 0.0000 0.0000 0.0000 0.0000 0.0000 0.0000 0.0000
123.2558 -633.2711 1665.5785 -1234.3264 720.8792 -1751.2023 1478.3500 135.8780 -301.2639 34.3987 -140.2312 50.0692 0.0000 -54.8105 0.0000 11.9295 0.0000 74.0250 11.9234 0.0000 -190.2831 0.0000 0.0000 0.0000 0.0000 0.0000 0.0000 0.0000 66.2519 -175.6447 0.0000 108.7727 9.1770 0.0000 0.0000 0.0000 0.0000 0.0000 0.0000 0.0000 0.0000 0.0000 0.0000 0.0000 0.0000
503.5201 95.3887 28.9799 0.0000 2.5644 -178.2249 0.0000 138.8021 -13.2289 0.0000 -353.6065 -11.7191 0.0000 0.0000 0.0000 235.1713 0.0000 145.0017 99.2407 0.0000 0.0000 0.0000 0.0000 7.0799 0.0000 0.0000 -9.5921 0.0000 224.8483 -282.3720 0.0000 -146.3712 236.0826 0.0000 0.0000 0.0000 0.0000 -178.0591 0.0000 0.0000 71.6426 0.0000 0.0000 0.0000 0.0000
34.9533 -29.8126 12.6116 0.0000 14.0308 -11.1066 0.0000 -1.7294 0.0000 0.0000 -0.3027 20.2807 0.0000 0.0000 0.0000 0.0000 0.0000 -149.5678 0.0000 0.0000 0.0000 0.0000 0.0000 0.0000 0.0000 0.0000 319.3244 0.0000 61.0203 0.0000 0.0000 3.4950 0.0000 0.0000 0.0000 0.0000 0.0000 -494.2163 0.0000 0.0000 219.6854 0.0000 0.0000 0.0000 0.0000
5156.5681 -13938.1910 2570.9471 -1736.9275 7616.1765 2779.1421 1302.3503 -9045.9034 -687.1952 0.0000 -6934.0911 8041.9518 -832.8097 3062.4573 1066.9261 105.9965 291.9289 15077.7390 17675.0992 -185.6682 -4774.2379 -3546.9852 9050.3735 8395.9935 -6583.8400 -7282.4411 -29603.3296 -3031.6499 -19720.4611 1696.3016 130.5070 -1974.3113 0.0000 4815.6598 -1907.6804 2208.9844 -2646.7997 2997.1243 -5080.5451 41281.9396 18847.6285 2426.6432 -908.3831 -42323.6493 6817.4747
33.0914 17.0434 -19.7893 0.0000 56.9443 23.5421 0.0000 -30.1107 0.0000 0.0000 28.6826 0.0000 0.0000 0.0000 0.0000 0.0000 0.0000 15.1532 0.0000 0.0000 0.0000 0.0000 0.0000 0.0000 0.0000 0.0000 0.0000 0.0000 96.7322 0.0000 0.0000 0.0000 0.0000 0.0000 0.0000 0.0000 0.0000 0.0000 0.0000 0.0000 0.0000 0.0000 0.0000 0.0000 0.0000
0.5779 -0.0147 0.0000 0.0000 0.0416 0.0000 0.0000 0.0000 0.0000 0.0000 0.0324 0.0000 0.0000 0.0000 0.0000 0.0000 0.0000 -0.0021 0.0000 0.0000 0.0000 0.0000 0.0000 0.0000 0.0000 0.0000 0.0000 0.0000 0.0041 0.0000 0.0000 0.0000 0.0000 0.0000 0.0000 0.0000 0.0000 0.0000 0.0000 0.0000 0.0000 0.0000 0.0000 0.0000 0.0000
