# numpoly:1.0.6 names:q0,q1,q2,q3,q4 keys:;;;;;,;;;;<,;;;;=,;;;;>,;;;<;,;;;<<,;;;<=,;;;=;,;;;=<,;;<;;,;;<;<,;;<;=,;;<<;,;;<<<,;;=;;,;<;;;,;<;;<,;<;;=,;<;<;,;<;<<,;<<;;,;<<;<,;=;;;,<;;;;,<;;;<,<;;;=,<;;<;,<;;<<,<;<;;,<<;;;,<<;;<,<<;<;,<<<;;,<=;;;,=;;;;,=<;;; shape:9
# onwind solar H2 battery transmission offwind wind tsc gini
7477.6209 -335.7139 359.6992 0.0000 -415.3445 -256.3003 61.7716 -113.2651 0.0000 -258.9759 51.1837 -75.4642 72.8121 -157.2434 -66.8171 5688.9838 5.6596 -573.9555 217.5945 1057.4399 678.9223 0.0000 -13348.1040 -29957.4130 307.6089 144.6016 1298.7090 -712.9434 -42.0205 17986.3717 165.3579 -1045.7572 0.0000 14775.3186 22711.2694 -25289.1434
1858.4194 -1440.3544 1045.4445 -331.8236 -187.8848 -179.8149 246.3084 337.5069 -343.3462 -2280.8647 735.1696 -533.3945 10.6202 0.0000 983.1646 -816.6996 362.9286 104.3423 -24.7104 0.0000 432.2683 370.1579 -906.6104 -542.4121 777.4753 0.0000 5.5781 73.0800 1009.4402 3843.8329 -1238.3321 0.0000 -2133.3605 0.0000 -2074.4525 1214.3027
147.0282 192.3472 -189.6035 97.6562 -280.9129 43.6516 -77.1674 127.4140 0.0000 17.9521 -48.6298 0.0000 28.8381 0.0000 0.0000 -19.1803 74.0488 0.0000 -28.3728 0.0000 0.0000 0.0000 0.0000 22.8204 0.0000 0.0000 -17.3350 0.0000 0.0000 0.0000 0.0000 0.0000 0.0000 0.0000 0.0000 0.0000
350.7482 -747.5136 1459.4449 -1142.8874 556.7337 -1440.5681 1059.5795 86.4984 -170.9957 -97.2254 175.0792 0.0000 -99.5987 0.0000 33.8545 -270.8325 -305.9081 400.8275 162.1055 -11.0304 0.0000 0.0000 0.0000 -308.5202 428.0462 0.0000 -85.8668 103.6398 -80.4144 590.2407 -555.1536 0.0000 0.0000 0.0000 -39.9666 0.0000
495.6205 55.9184 -62.1177 61.1943 148.4696 -113.3754 -72.3637 -40.1785 145.3376 -5.1852 40.1837 0.0000 -31.1700 0.0000 0.0000 171.3597 -23.1828 0.0000 -95.2609 0.0000 2.1080 0.0000 -227.6540 -297.2427 0.0000 0.0000 94.1523 0.0000 0.0000 470.3227 0.0000 0.0000 0.0000 0.0000 -113.1813 0.0000
-1303.8609 -212.7552 -67.1994 80.5912 -295.3765 613.7653 -169.1940 0.0000 0.0000 54.2060 -93.7077 75.5707 -8.2212 0.0000 -21.9200 -57.6678 339.9286 32.6047 374.0059 -603.2353 -153.2666 0.0000 1522.3031 6115.6845 -38.9069 -149.3685 -141.7618 305.1192 252.3076 -6713.2874 0.0000 0.0000 0.0000 0.0000 -1982.8676 2576.5066
5596.5747 -410.6823 48.8866 0.0000 -77.5524 470.0520 0.0000 -124.7928 0.0000 79.9382 -169.7645 0.0000 -24.7635 0.0000 -137.0599 -2109.8016 314.1558 -158.6197 -13.4255 18.1886 454.2579 0.0000 -2206.6228 -14804.1320 405.3943 0.0000 266.6414 -430.0668 118.3515 10729.6279 0.0000 0.0000 0.0000 3105.1972 10516.4407 -10708.6844
93.4905 9.6410 -11.5996 0.0000 34.8620 21.6475 0.0000 -12.9708 0.0000 26.9787 0.0000 0.0000 0.0000 0.0000 0.0000 -58.0193 0.0000 0.0000 0.0000 0.0000 0.0000 0.0000 0.0000 64.0621 0.0000 0.0000 0.0000 0.0000 0.0000 91.1554 0.0000 0.0000 0.0000 0.0000 -25.6407 0.0000
0.5658 0.0099 0.0000 0.0000 0.0133 0.0000 0.0000 0.0000 0.0000 0.0565 0.0000 0.0000 0.0000 0.0000 0.0000 -0.0037 0.0000 0.0000 0.0000 0.0000 0.0000 0.0000 0.0000 0.0073 0.0000 0.0000 0.0000 0.0000 0.0000 0.0000 0.0000 0.0000 0.0000 0.0000 0.0000 0.0000
