# numpoly:1.0.6 names:q0,q1,q2,q3,q4 keys:;;;;;,;;;;<,;;;;=,;;;;>,;;;<;,;;;<<,;;;<=,;;;=;,;;;=<,;;;>;,;;<;;,;;<;<,;;<;=,;;<<;,;;<<<,;;<=;,;;=;;,;;=;<,;<;;;,;<;;<,;<;;=,;<;<;,;<<;;,;=;;;,<;;;;,<;;;<,<;;;=,<;;<;,<;;<<,<;;=;,<;<;;,<;<;<,<<;;;,=;;;;,=;;;<,=;<;; shape:9
# onwind solar H2 battery transmission offwind wind tsc gini
1454.4825 -1372.7540 1252.5633 -241.9244 2333.5625 -408.0228 42.1498 -2357.6098 0.0000 698.2038 -679.6102 1390.5527 -1137.4242 107.6700 404.1622 -250.7002 -314.9765 -160.1672 2297.2770 475.6795 -285.2911 250.7549 411.2126 -4246.0213 -4542.0336 -133.7883 388.4375 -1600.9522 0.0000 1120.3305 1670.9444 0.0000 6449.4982 -932.6188 -208.3079 -1014.3788
735.3518 -263.1739 -60.9274 0.0000 -1128.1203 452.3358 0.0000 772.4037 0.0000 -80.1276 -1567.4587 85.8169 0.0000 554.0241 -610.9574 170.5960 1140.5568 534.7047 427.1968 -380.3569 266.9456 -317.5464 -13.5786 -230.4464 1077.8450 655.4874 -230.2642 846.8885 105.0173 -791.3026 -1732.8870 -557.3138 645.4211 0.0000 0.0000 0.0000
147.7483 242.4199 -248.6611 90.0456 -499.7232 49.3689 0.0000 501.5083 0.0000 -131.6858 -45.6325 0.0000 0.0000 63.1792 0.0000 0.0000 0.0000 0.0000 18.1131 0.0000 0.0000 -74.4904 0.0000 0.0000 55.9557 2.3447 0.0000 -155.5466 0.0000 0.0000 0.0000 0.0000 52.9064 0.0000 0.0000 0.0000
667.1665 -4109.0548 7159.0164 -3787.3929 1164.8318 -2422.3770 1415.0779 29.0734 -15.1492 0.0000 85.6957 42.6816 0.0000 -18.3442 0.0000 0.0000 0.0000 0.0000 131.9351 -145.7570 0.0000 -15.0037 0.0000 -4.3830 866.0183 -1534.5919 809.5929 14.6053 0.0000 0.0000 -186.1732 0.0000 0.0000 0.0000 0.0000 0.0000
363.8272 165.8006 -147.7031 54.5961 153.5206 -13.8377 0.0000 -52.6621 0.0000 0.0000 -41.6341 0.0000 0.0000 -75.0244 0.0000 0.0000 0.0000 0.0000 5.6209 0.0000 0.0000 -110.0995 59.0281 -27.5760 99.7176 28.8305 0.0000 172.8521 0.0000 0.0000 84.3136 0.0000 172.2564 -279.1261 0.0000 0.0000
-35.0806 553.1933 -573.8650 164.4829 91.5379 2.3477 0.0000 -46.8990 0.0000 0.0000 103.6506 -397.7010 293.3659 -129.6045 0.0000 0.0000 0.0000 0.0000 -1384.4588 -24.5492 0.0000 0.6222 -119.0580 2490.9041 1284.2945 43.7077 -11.9919 95.8659 0.0000 0.0000 316.5806 0.0000 -4038.1011 1375.7181 0.0000 0.0000
952.4533 -427.8121 303.4992 0.0000 1368.4705 -20.9997 0.0000 -1585.3190 0.0000 467.9941 517.1976 556.9353 -475.0045 -127.7097 7.1767 0.0000 -393.4285 0.0000 839.1637 130.6888 -32.7381 284.1395 176.3462 -1558.2151 -2011.1354 -40.0471 54.6239 -569.0476 0.0000 454.4812 196.3495 0.0000 2288.3986 -446.0579 0.0000 0.0000
91.2999 9.4261 -10.9357 0.0000 33.5521 20.7239 0.0000 -11.6138 0.0000 0.0000 27.1467 0.0000 0.0000 0.0000 0.0000 0.0000 0.0000 0.0000 -54.9714 0.0000 0.0000 0.0000 0.0000 0.0000 66.8385 0.0000 0.0000 0.0000 0.0000 0.0000 0.0000 0.0000 87.7357 -25.6023 0.0000 0.0000
0.5707 -0.0303 0.0000 0.0000 0.0258 0.0000 0.0000 0.0000 0.0000 0.0000 0.0360 0.0000 0.0000 0.0000 0.0000 0.0000 0.0000 0.0000 0.0248 0.0000 0.0000 0.0000 0.0000 0.0000 0.0124 0.0000 0.0000 0.0000 0.0000 0.0000 0.0000 0.0000 0.0000 0.0000 0.0000 0.0000
