# numpoly:1.0.6 names:q0,q1,q2,q3,q4 keys:;;;;;,;;;;<,;;;;=,;;;;>,;;;<;,;;;<<,;;;<=,;;;=;,;;;=<,;;;>;,;;<;;,;;<;<,;;<;=,;;<<;,;;<<<,;;=;;,;;=;<,;<;;;,;<;;<,;<;;=,;<;<;,;<<;;,;=;;;,<;;;;,<;;;<,<;;;=,<;;<;,<;;<<,<;;=;,<;<;;,<;<<;,<<;;;,<<;<;,<=;;;,=;;;;,=;;<;,=<;;; shape:9
# onwind solar H2 battery transmission offwind wind tsc gini
2651.1174 -670.2175 445.4929 0.0000 -10.2714 402.9843 29.1540 -97.2106 0.0000 -2.7582 -175.5414 813.7750 -635.3764 195.7766 -338.2500 0.0000 0.0000 -101.0627 20.6904 0.0000 -165.8060 345.9830 -685.5091 -5841.4291 0.0000 0.0000 49.5091 0.0000 0.0000 -231.6923 0.0000 4608.1151 0.0000 0.0000 2749.6357 0.0000 -2596.0228
132.4842 574.3316 203.1076 112.8223 1124.2058 -1198.6137 -607.0968 -237.4715 -59.5370 0.0000 -1330.6831 -70.8750 344.1445 -517.5649 438.2535 690.3247 -130.2336 -5062.4672 -471.7239 444.7225 -777.0455 571.8479 3994.1013 8872.4817 -659.4344 -699.0458 457.1031 1798.4859 390.6055 -1195.0611 20.5078 1185.4704 914.9883 -7514.3961 -9084.7915 -1615.2162 9536.6081
480.3691 72.4766 28.5157 -38.7981 -185.3579 13.3616 0.0000 86.8482 0.0000 0.0000 79.3136 62.8829 0.0000 -148.0619 0.0000 0.0000 0.0000 -559.6628 92.6289 0.0000 465.9714 0.0000 -354.1681 -278.5942 -137.7665 0.0000 -431.3675 0.0000 0.0000 0.0000 0.0000 881.8876 0.0000 0.0000 -4.0821 0.0000 0.0000
691.5241 -1605.4465 1986.5339 -956.8457 167.3804 -450.7243 372.4851 372.2901 0.0000 -163.6796 -450.5026 136.4546 66.2954 314.0431 -306.0335 0.0000 0.0000 -297.0684 -2.1687 0.0000 -28.0888 160.6605 -57.4216 466.4765 -22.3958 0.0000 -384.1048 0.0000 100.0528 -110.1118 0.0000 0.0000 0.0000 0.0000 0.0000 0.0000 0.0000
377.0066 101.8941 -62.3967 18.5963 64.8245 -14.0841 0.0000 34.0934 0.0000 0.0000 69.9098 -43.9382 0.0000 68.5105 0.0000 0.0000 0.0000 -226.8086 -130.5446 0.0000 -57.6310 0.0000 -29.4645 366.5467 112.4785 0.0000 -9.8469 0.0000 0.0000 -93.0177 0.0000 499.0752 0.0000 0.0000 -434.6990 0.0000 0.0000
-238.4439 -136.2782 8.6612 0.0000 -141.4009 145.5430 0.0000 0.0000 0.0000 0.0000 15.0194 22.5064 0.0000 51.3484 0.0000 0.0000 0.0000 -33.8734 -112.3464 0.0000 -100.5145 -242.3990 1185.0889 672.8860 230.6794 0.0000 268.4097 -201.9141 0.0000 213.6790 0.0000 -2158.4953 0.0000 0.0000 541.5995 0.0000 0.0000
2831.0364 -441.6446 152.5671 46.4741 -148.3731 504.3954 0.0000 -99.8547 0.0000 0.0000 228.4875 355.3282 -368.6416 73.9302 -106.9556 0.0000 0.0000 -574.7701 -73.2757 0.0000 -295.3360 0.0000 338.5205 -6897.7181 307.6623 19.3179 431.2946 -342.9051 0.0000 0.0000 0.0000 4286.3846 0.0000 0.0000 4263.1794 0.0000 -3636.5808
99.9696 5.9006 -10.2727 0.0000 37.9424 22.1923 0.0000 -11.4444 0.0000 0.0000 23.3522 0.0000 0.0000 0.0000 0.0000 0.0000 0.0000 -88.4234 0.0000 0.0000 0.0000 0.0000 0.0000 86.3942 0.0000 0.0000 0.0000 0.0000 0.0000 0.0000 0.0000 92.1050 0.0000 0.0000 -29.8771 0.0000 0.0000
0.5162 -0.0031 0.0000 0.0000 0.0467 0.0000 0.0000 0.0000 0.0000 0.0000 0.0644 0.0000 0.0000 0.0000 0.0000 0.0000 0.0000 0.0309 0.0000 0.0000 0.0000 0.0000 0.0000 -0.0026 0.0000 0.0000 0.0000 0.0000 0.0000 0.0000 0.0000 0.0000 0.0000 0.0000 0.0000 0.0000 0.0000
