# numpoly:1.0.6 names:q0,q1,q2,q3,q4 keys:;;;;;,;;;;<,;;;;=,;;;;>,;;;<;,;;;<<,;;;<=,;;;=;,;;;=<,;;;>;,;;<;;,;;<;<,;;<;=,;;<<;,;;=;;,;<;;;,;<;;<,;<;<;,;<<;;,;=;;;,<;;;;,<;;;<,<;;;=,<;;<;,<;;<<,<;<;;,<;<;<,<<;;;,=;;;; shape:9
# onwind solar H2 battery transmission offwind wind tsc gini
1831.1752 -228.7339 -244.4952 159.4331 61.5280 555.8337 -250.5229 -234.1434 0.0000 31.0899 222.4567 271.6673 48.0669 -44.8790 -177.7259 1722.0754 0.0000 169.5218 0.0000 -2615.2553 -2966.1163 227.3661 0.0000 -77.7218 0.0000 429.3016 -396.7307 3961.3840 -1068.2231
50.3095 -126.8360 153.0073 -57.7084 273.8331 -347.5364 0.0000 40.4302 124.6258 0.0000 -415.2069 27.7400 0.0000 118.9931 17.4641 63.1132 36.4011 44.5821 0.0000 0.0000 740.7926 20.9134 44.3820 -360.8653 0.0000 0.0000 0.0000 -254.9181 0.0000
128.1570 110.3970 -148.4688 126.5194 -94.9158 83.9261 -172.1725 -48.2559 78.4336 0.0000 18.5072 -3.4593 0.0000 0.0000 0.0000 10.4687 0.0000 0.0000 0.0000 0.0000 -25.5349 21.1798 0.0000 8.5235 0.0000 0.0000 0.0000 0.0000 0.0000
-35.5147 -284.6803 1212.1636 -1094.1683 303.3447 -1510.8246 1633.7553 408.4182 -577.3063 0.0000 -3.2397 23.9909 0.0000 -31.9215 -11.6831 24.5444 -12.4602 0.0000 0.0000 0.0000 111.4880 -102.4322 0.0000 3.6851 0.0000 0.0000 0.0000 0.0000 0.0000
119.2178 5.9913 77.2096 -50.5329 -81.5989 -16.3920 0.0000 121.6857 0.0000 0.0000 67.8230 0.0000 0.0000 -12.7315 23.9300 52.8730 33.7302 0.0000 0.0000 0.0000 219.3642 -48.2306 0.0000 -16.3486 3.6407 -66.9851 0.0000 -156.8070 107.5516
38.7750 4.0817 0.0000 0.0000 -13.3927 -0.3521 0.0000 11.9669 0.0000 0.0000 37.5236 6.0533 0.0000 -1.9483 0.0000 -425.8552 0.0000 -53.5683 0.0000 812.2853 353.5453 2.5084 0.0000 66.8688 0.0000 -56.1774 0.0000 -1319.2392 548.6935
1793.4995 40.4479 -205.2135 137.2889 50.1527 473.9452 -187.1043 -147.4606 0.0000 0.0000 432.4463 6.8503 0.0000 -72.9257 -134.2749 1107.7795 -21.1869 88.2882 24.2102 -1642.9291 -2427.4215 -89.6045 0.0000 0.0000 0.0000 56.1599 0.0000 2552.5736 -433.6273
94.6274 7.4169 -9.8273 0.0000 37.7189 21.2018 0.0000 -13.9358 0.0000 0.0000 22.9893 0.0000 0.0000 0.0000 0.0000 -48.8209 0.0000 0.0000 0.0000 0.0000 57.2071 0.0000 0.0000 0.0000 0.0000 0.0000 0.0000 90.9428 -19.7632
0.1815 0.0000 0.0000 0.0000 0.0000 0.0000 0.0000 0.0000 0.0000 0.0000 0.0000 0.0000 0.0000 0.0000 0.0000 0.0000 0.0000 0.0000 0.0000 0.0000 0.0000 0.0000 0.0000 0.0000 0.0000 0.0000 0.0000 0.0000 0.0000
