# numpoly:1.0.6 names:q0,q1,q2,q3,q4 keys:;;;;;,;;;;<,;;;;=,;;;;>,;;;<;,;;;<<,;;;<=,;;;=;,;;;=<,;;;>;,;;<;;,;;<;<,;;<;=,;;<<;,;;<<<,;;=;;,;<;;;,;<;;<,;<;;=,;<;<;,;<;<<,;<<;;,;=;;;,<;;;;,<;;;<,<;;<;,<;;<<,<;<;;,<<;;;,=;;;; shape:9
# onwind solar H2 battery transmission offwind wind tsc gini
885.4493 239.0943 -806.0311 211.1260 -347.4486 646.5033 0.0000 -147.6270 130.8994 0.0000 428.2061 -735.9743 388.2046 202.5922 0.0000 -336.0453 2917.8198 -9.1879 0.0000 154.0563 0.0000 486.4268 -3477.7298 -4088.4650 980.0240 258.3502 -994.8551 0.0000 4801.2376 -1120.6375
475.7535 -952.0911 471.7194 32.9846 45.8890 619.1824 -343.7066 62.3552 0.0000 -49.9371 -2012.1739 1302.0792 0.0000 147.3670 -892.6905 1445.9889 894.2414 -103.1901 0.0000 -194.5119 124.6498 -552.0924 0.0000 1671.8384 -787.7726 -17.8025 297.7189 -1185.5854 0.0000 0.0000
262.8299 -87.4685 44.9239 6.3887 -574.2895 590.1296 -172.4442 331.1648 -221.5131 0.0000 3.4173 0.0000 0.0000 0.0000 0.0000 0.0000 13.8856 -22.0645 0.0000 -34.9727 0.0000 0.0000 0.0000 42.0451 -33.2158 -102.5661 0.0000 0.0000 55.4502 0.0000
126.4462 -1364.2175 2373.1125 -1229.8623 571.7616 -1219.5982 722.0685 62.0271 -7.5744 -19.2279 -191.4162 180.3257 0.0000 0.0000 0.0000 106.6137 178.6201 -136.3388 1.8852 -36.6887 0.0000 0.0000 0.0000 397.3454 -201.7399 -11.0000 0.0000 -213.8084 -61.3641 0.0000
527.7124 -14.4748 -90.4448 0.0000 65.1368 -24.0929 71.9131 0.0000 0.0000 0.0000 -55.5833 -67.5971 0.0000 77.3072 0.0000 0.0000 260.6317 97.6705 0.0000 -256.6121 0.0000 0.0000 0.0000 -299.4755 156.0579 232.0268 -112.1925 65.8452 -22.7969 0.0000
141.2129 4.1532 -25.4088 0.0000 -57.4100 38.8906 14.7918 -19.9788 0.0000 0.0000 100.3642 28.9868 -23.3765 -72.1902 0.0000 0.0000 -1617.3117 46.5025 0.0000 39.2046 -63.2332 -136.6396 2023.7114 1634.0905 8.0587 189.2332 0.0000 127.2868 -3149.8847 912.0483
972.5032 161.4727 -411.1192 147.7901 -22.2627 74.7832 0.0000 -250.1928 247.3775 0.0000 465.4416 -331.1501 15.5081 60.4340 82.4931 -264.6002 1218.7140 0.0000 0.0000 168.5136 0.0000 248.4684 -1300.7928 -2337.1368 710.9658 214.9685 -581.1343 76.7515 1554.7627 -106.7536
89.6792 8.4753 -8.6423 0.0000 33.0924 17.6041 0.0000 -10.4401 0.0000 0.0000 27.0454 0.0000 0.0000 0.0000 0.0000 0.0000 -41.3177 0.0000 0.0000 0.0000 0.0000 0.0000 0.0000 47.1172 0.0000 0.0000 0.0000 0.0000 71.8244 -7.3363
0.5960 -0.0003 0.0000 0.0000 -0.0005 0.0000 0.0000 0.0000 0.0000 0.0000 0.0270 0.0000 0.0000 0.0000 0.0000 0.0000 0.0280 0.0000 0.0000 0.0000 0.0000 0.0000 0.0000 -0.0188 0.0000 0.0000 0.0000 0.0000 0.0000 0.0000
