# numpoly:1.0.6 names:q0,q1,q2,q3,q4 keys:;;;;;,;;;;<,;;;;=,;;;;>,;;;<;,;;;<<,;;;<=,;;;=;,;;;=<,;;<;;,;;<;<,;;<<;,;;<<<,;;=;;,;<;;;,;<;;<,;<;<;,;<;<<,;<<;;,;=;;;,<;;;;,<;;;<,<;;;=,<;;<;,<;;<<,<;<;;,<;<;<,<<;;;,<<;<;,<=;;;,=;;;;,=<;;; shape:9
# onwind solar H2 battery transmission offwind wind tsc gini
1594.0756 300.9229 -128.0189 12.6052 640.5353 -543.0161 0.0000 -335.6588 291.8215 288.8466 -296.9535 -53.7173 253.6917 -207.3351 -2629.2387 -68.1159 238.1661 0.0000 230.9722 701.7928 229.4607 302.0462 0.0000 -448.4849 -7.1284 300.2268 0.0000 7336.6643 77.3705 -5462.9857 -6497.1059 4970.2619
152.8710 93.0563 347.8777 -73.9242 132.2838 -286.8510 0.0000 74.4605 -76.2881 -1352.5956 61.3109 -261.9387 0.0000 1467.6351 471.4468 -75.5153 -65.5276 105.6897 -213.9321 -138.8053 1758.8790 -933.7941 0.0000 210.5037 107.3904 -2138.4101 533.3917 236.8984 0.0000 0.0000 258.7281 0.0000
295.1420 187.9939 -148.5619 69.7784 -268.2495 120.0822 -96.8405 118.1396 0.0000 12.1688 -13.6956 0.0000 0.0000 0.0000 -233.8300 0.0000 21.4149 0.0000 0.0000 0.0000 -87.5921 12.7201 0.0000 -119.3523 0.0000 0.0000 0.0000 270.3748 0.0000 0.0000 -24.3969 0.0000
-46.0407 -990.5607 2048.6114 -1178.7250 738.6393 -1455.4963 880.6969 0.0000 0.0000 -5.3673 106.2036 -23.4602 0.0000 31.6725 121.2227 -42.1460 -28.6318 0.0000 0.0000 0.0000 205.5828 -215.6543 65.6982 30.2511 0.0000 -166.6497 0.0000 -15.5796 0.0000 0.0000 4.1580 0.0000
346.8862 16.2118 -14.7686 0.0000 -9.9889 -1.8581 0.0000 14.1407 0.0000 110.0061 0.0000 0.0000 0.0000 -17.0239 -133.0296 0.0000 -26.5509 0.0000 0.0000 -49.6986 0.5889 0.0000 0.0000 63.6035 0.0000 -21.6456 0.0000 375.9616 0.0000 0.0000 -197.7444 0.0000
-61.6806 15.9909 -20.5439 15.3932 14.7399 12.1290 0.0000 21.8637 0.0000 -1.8664 -21.2809 5.5472 0.0000 0.0000 -834.2137 15.0257 -149.0962 0.0000 -14.5102 1942.0115 1059.1211 -18.4265 0.0000 107.4280 0.0000 38.9501 0.0000 -3328.6166 0.0000 0.0000 1211.3735 0.0000
1349.9288 175.4019 -249.1279 79.0888 386.1179 -216.2412 0.0000 -299.2163 264.1553 348.8105 -234.9493 35.8838 132.7214 -266.3498 796.6532 -39.4329 140.5168 0.0000 117.6985 -1736.5880 -2115.4693 406.5258 0.0000 -121.2379 -206.8157 419.4135 0.0000 2833.2553 0.0000 0.0000 -905.3854 0.0000
82.3071 6.8058 -9.8969 0.0000 35.8903 21.3721 0.0000 -13.5455 0.0000 21.9627 0.0000 0.0000 0.0000 0.0000 -37.6882 0.0000 0.0000 0.0000 0.0000 0.0000 65.0144 0.0000 0.0000 0.0000 0.0000 0.0000 0.0000 75.0978 0.0000 0.0000 -19.1434 0.0000
0.3116 0.0000 0.0000 0.0000 0.0000 0.0000 0.0000 0.0000 0.0000 0.0000 0.0000 0.0000 0.0000 0.0000 0.0000 0.0000 0.0000 0.0000 0.0000 0.0000 0.0000 0.0000 0.0000 0.0000 0.0000 0.0000 0.0000 0.0000 0.0000 0.0000 0.0000 0.0000
