# numpoly:1.0.6 names:q0,q1,q2,q3,q4 keys:;;;;;,;;;;<,;;;;=,;;;;>,;;;<;,;;;<<,;;;<=,;;;=;,;;;=<,;;<;;,;;<;<,;;<<;,;;<<<,;;=;;,;<;;;,;<;;<,;<;<;,;<;<<,;<<;;,;=;;;,<;;;;,<;;;<,<;;;=,<;;<;,<;;<<,<;<;;,<<;;;,<<;;<,=;;;; shape:9
# onwind solar H2 battery transmission offwind wind tsc gini
985.6484 139.7552 -399.9298 0.0000 -18.7883 -208.2796 435.1602 -64.8022 0.0000 540.6280 -191.1169 -49.7108 69.9709 -114.4672 963.8473 68.1901 1.5317 0.0000 0.0000 0.0000 -1981.3128 490.4983 -24.5434 341.1479 -458.9488 82.5752 0.0000 0.0000 193.7613
632.9775 -157.5697 82.5641 240.2651 563.3625 -442.3120 -386.7561 -32.1806 -37.5331 -1640.9361 433.7145 -64.2213 0.0000 1044.0896 443.5379 268.4817 149.3582 0.0000 -183.2340 -1491.4498 583.9295 -524.0553 0.0000 -765.8836 1018.1477 -796.2187 2985.3781 -561.1025 -889.7194
52.8236 127.7421 -48.2637 0.0000 -223.2755 39.8958 0.0000 66.7823 0.0000 24.4577 -3.7707 0.0000 0.0000 0.0000 115.4124 -15.0410 46.4527 0.0000 0.0000 37.0291 85.6515 0.0000 0.0000 -66.0874 0.0000 0.0000 -206.2567 0.0000 72.3748
394.6868 -1001.7467 1489.9763 -651.7262 380.8176 -96.5373 -191.8717 0.0000 0.0000 -218.6964 191.3635 0.0000 0.0000 0.0000 89.1926 -184.2033 -173.3045 133.1360 0.0000 -361.1384 -12.5990 -734.7330 430.4361 0.0000 0.0000 -41.3466 791.9272 0.0000 -215.0136
367.8546 31.3025 -32.2604 0.0000 111.0474 -5.6239 4.1777 -1.9139 0.0000 58.7034 -24.5402 0.0000 0.0000 -18.7792 57.5042 0.0000 0.0000 0.0000 0.0000 -259.5149 118.5034 16.7242 0.0000 -38.2106 0.0000 0.0000 535.0069 0.0000 -320.0306
-0.0332 -0.0363 0.0000 0.0000 -0.0211 0.0000 0.0000 0.0000 0.0000 0.0790 0.0000 0.0000 0.0000 0.0000 -0.1285 0.0000 0.0000 0.0000 0.0000 0.0000 0.1233 0.0000 0.0000 0.0000 0.0000 0.0000 0.0000 0.0000 0.0000
1093.4608 232.8514 -419.4596 0.0000 -24.7253 -193.3722 437.8474 -63.1250 0.0000 511.1983 -207.1910 -65.9965 95.3945 -113.6541 456.4084 71.2489 0.0000 0.0000 0.0000 0.0000 -1532.2675 495.2229 0.0000 375.6853 -510.3894 75.2213 0.0000 0.0000 208.2144
90.3221 8.3765 -10.6933 0.0000 33.7410 21.3804 0.0000 -12.8899 0.0000 25.7013 0.0000 0.0000 0.0000 0.0000 -59.8255 0.0000 0.0000 0.0000 0.0000 0.0000 65.6388 0.0000 0.0000 0.0000 0.0000 0.0000 92.3991 0.0000 -29.5269
0.5779 -0.0147 0.0000 0.0000 0.0416 0.0000 0.0000 0.0000 0.0000 0.0324 0.0000 0.0000 0.0000 0.0000 -0.0021 0.0000 0.0000 0.0000 0.0000 0.0000 0.0041 0.0000 0.0000 0.0000 0.0000 0.0000 0.0000 0.0000 0.0000
