# numpoly:1.0.6 names:q0,q1,q2,q3,q4 keys:;;;;;,;;;;<,;;;;=,;;;;>,;;;<;,;;;<<,;;;<=,;;;=;,;;;=<,;;<;;,;;<;<,;;<;=,;;<<;,;;<<<,;;=;;,;;=;<,;<;;;,;<;;<,;<;;=,;<;<;,;<;<<,;<;=;,;<<;;,;=;;;,<;;;;,<;;;<,<;;;=,<;;<;,<;;<<,<;<;;,<;<;<,<;<<;,<<;;;,<<;<;,=;;;;,=;;<; shape:9
# onwind solar H2 battery transmission offwind wind tsc gini
1113.4649 50.4919 -332.8647 68.7695 207.3581 304.8456 86.1176 37.7226 181.9888 84.0802 -107.2969 -13.1621 258.7277 -285.9070 -139.5860 0.0000 3443.0687 376.4717 0.0000 -611.5541 -526.4096 -230.5107 350.1150 -3483.9099 -4117.2378 259.3981 0.0000 -332.5148 19.1641 39.0404 -62.9683 0.0000 3896.0328 1556.7780 -543.8644 -689.3234
225.4301 328.7909 342.9797 -92.5134 -688.4214 625.5504 100.5066 452.1214 -549.1847 -688.5366 -31.5574 -499.6804 -110.7874 0.0000 1092.9103 -177.5300 214.7848 -17.6186 0.0000 -68.7582 0.0000 0.0000 -385.7211 0.0000 1954.0969 -2162.1992 394.5747 346.1321 0.0000 -1919.1120 1587.0398 -110.7861 300.5907 0.0000 0.0000 0.0000
121.5167 164.7494 -184.8054 118.0894 -302.9105 179.2986 -129.0418 134.5319 0.0000 -15.4759 0.0000 0.0000 39.6653 0.0000 0.0000 0.0000 35.1994 0.0000 0.0000 0.0000 0.0000 0.0000 0.0000 0.0000 144.8938 -71.7235 0.0000 -170.5686 65.6859 0.0000 0.0000 0.0000 0.0000 0.0000 0.0000 0.0000
187.7400 -895.6452 2166.7033 -1487.7813 383.8699 -1113.0131 969.1152 240.9051 -265.3669 -0.5889 74.0063 0.0000 -5.6315 0.0000 0.0000 0.0000 7.8222 -219.7116 81.4748 0.0000 0.0000 0.0000 0.0000 0.0000 249.9327 -691.0633 383.6088 -80.6707 0.0000 -120.2687 0.0000 0.0000 -11.8156 0.0000 132.6058 0.0000
386.2355 -3.8176 29.1836 0.0000 127.4034 -78.0282 0.0000 5.3127 0.0000 8.4766 24.0810 0.0000 -27.1247 0.0000 0.0000 0.0000 -26.7494 15.5265 0.0000 -120.7032 0.0000 0.0000 0.0000 0.0000 -56.4486 -21.8845 0.0000 122.7440 0.0000 0.0000 0.0000 0.0000 211.3381 0.0000 -114.3463 0.0000
34.8301 -87.6400 -18.6329 17.6567 50.1340 93.5953 -19.8861 -70.5454 0.0000 -26.6700 50.3776 0.0000 0.0000 0.0000 0.0000 0.0000 -1402.3226 0.0000 0.0000 0.0000 0.0000 0.0000 -7.7685 2039.2281 1554.5760 95.4274 0.0000 93.7775 -83.0486 76.3410 0.0000 0.0000 -3318.4263 0.0000 1035.2392 0.0000
1138.6961 480.7673 -465.3911 183.1943 342.8789 -276.7567 0.0000 -302.6934 277.5509 376.3972 -264.1681 0.0000 108.2664 -82.2324 -189.5412 0.0000 1293.7437 62.0844 0.0000 106.5712 -70.9071 0.0000 260.6164 -1309.2679 -2560.2021 324.4619 -38.5689 -72.4054 0.0000 44.4404 0.0000 0.0000 1600.1113 0.0000 0.0000 0.0000
88.3528 8.2404 -9.3240 0.0000 34.6127 19.3181 0.0000 -12.0967 0.0000 27.0151 0.0000 0.0000 0.0000 0.0000 0.0000 0.0000 -45.6528 0.0000 0.0000 0.0000 0.0000 0.0000 0.0000 0.0000 57.5298 0.0000 0.0000 0.0000 0.0000 0.0000 0.0000 0.0000 76.6903 0.0000 -15.4714 0.0000
0.4454 -0.0260 0.0000 0.0000 0.0288 0.0000 0.0000 0.0000 0.0000 0.0376 0.0000 0.0000 0.0000 0.0000 0.0000 0.0000 -0.0123 0.0000 0.0000 0.0000 0.0000 0.0000 0.0000 0.0000 0.1072 0.0000 0.0000 0.0000 0.0000 0.0000 0.0000 0.0000 0.0000 0.0000 0.0000 0.0000
