# numpoly:1.0.6 names:q0,q1,q2,q3,q4 keys:;;;;;,;;;;<,;;;;=,;;;;>,;;;<;,;;;<<,;;;<=,;;;=;,;;;=<,;;;>;,;;<;;,;;<;<,;;<;=,;;<<;,;;<<<,;;<=;,;;=;;,;;=;<,;<;;;,;<;;<,;<;;=,;<;<;,;<;<<,;<<;;,;=;;;,<;;;;,<;;;<,<;;;=,<;;<;,<;;<<,<;;=;,<;<;;,<<;;;,<<;;<,=;;;;,=;;;<,=;<;; shape:9
# onwind solar H2 battery transmission offwind wind tsc gini
1455.5046 -1197.3047 795.5951 -272.8324 1314.2686 -946.3843 462.6645 -615.9026 0.0000 15.7487 50.4219 1039.4381 -781.7261 -421.2895 449.2342 0.0000 -244.2169 -171.9952 1596.1542 54.6580 0.0000 224.5374 0.0000 594.1551 -3827.0191 -3858.5307 1408.5349 0.0000 -855.2019 0.0000 463.9395 327.9332 6263.7788 0.0000 -1326.2974 -902.8829 -276.6962
-675.4824 1118.9078 -659.8676 194.3464 557.2600 -154.8293 0.0000 171.5340 0.0000 -453.7662 -454.6917 -1002.9101 226.3026 -1229.4684 -509.8821 1386.2534 1072.3022 680.5748 1298.8612 -543.1944 436.3511 -375.0228 0.0000 0.0000 -692.4834 2189.8364 -59.8099 -410.2952 -129.5089 795.7677 -283.3205 -2708.0502 645.6216 0.0000 -424.4013 0.0000 505.5406
299.2417 202.8644 -189.8478 24.3693 -523.3068 28.1702 32.9127 373.4243 0.0000 -49.9398 -189.3577 -5.3799 0.0000 119.3263 0.0000 0.0000 19.3191 0.0000 349.0447 49.3334 0.0000 -142.2009 0.0000 -22.2837 -196.2392 -157.8446 0.0000 0.0000 -88.4021 0.0000 0.0000 0.0000 76.1958 0.0000 0.0000 0.0000 0.0000
1140.8531 -5181.3890 8659.2724 -4458.1961 1291.7958 -2353.4970 1298.1356 0.0000 0.0000 0.0000 48.1981 -329.7635 265.9383 -21.1704 0.0000 0.0000 23.2505 0.0000 90.7658 -215.9189 63.4070 -80.7690 8.0651 4.0192 -54.2362 537.4513 -1424.2746 742.8314 10.9870 0.0000 0.0000 -55.1773 310.0940 -136.0790 8.0452 0.0000 0.0000
333.7783 204.6852 -138.9500 0.0000 222.4851 -302.1253 180.1403 -14.2997 0.0000 0.0000 19.3164 0.0000 0.0000 -121.2575 0.0000 0.0000 0.0000 0.0000 -104.7381 10.1537 0.0000 -152.4828 0.0000 33.5590 0.0000 196.0645 0.0000 0.0000 261.9256 0.0000 0.0000 65.4108 195.9719 0.0000 -298.5202 0.0000 0.0000
21.9612 167.5692 1.9241 0.0000 -28.5992 8.9661 0.0000 -0.4391 -46.3462 0.0000 102.9112 -119.1934 40.8937 -57.3489 0.0000 0.0000 0.0000 0.0000 -1272.6110 -21.0607 0.0000 21.8499 0.0000 -217.8808 2453.5948 1153.5659 -208.5362 0.0000 157.9950 0.0000 0.0000 315.7379 -3967.5172 0.0000 1423.5622 155.6488 0.0000
753.2043 -15.4139 389.2501 -238.8974 1398.8837 -744.0632 439.0331 -1140.6061 -46.2102 341.5550 873.4840 340.4933 -417.7476 -393.2630 267.5826 0.0000 -419.3027 0.0000 175.1218 19.9207 0.0000 264.1939 0.0000 261.8520 -1195.8479 -1578.0425 -177.2692 109.3971 -353.2632 -10.7474 243.3096 105.0303 2199.9018 0.0000 -538.1044 0.0000 0.0000
144.1481 19.9615 -45.3450 17.0507 6.9595 79.3087 -22.8552 -22.5037 0.0000 0.0000 14.5306 0.0000 0.0000 1.7309 0.0000 0.0000 0.0000 0.0000 -74.4636 0.0000 0.0000 0.0000 0.0000 0.0000 0.0000 42.0983 0.0000 0.0000 0.0000 0.0000 0.0000 0.0000 97.4759 0.0000 -33.0637 0.0000 0.0000
0.6120 -0.0176 0.0000 0.0000 0.0022 0.0000 0.0000 0.0000 0.0000 0.0000 0.0675 0.0000 0.0000 0.0000 0.0000 0.0000 0.0000 0.0000 -0.0543 0.0000 0.0000 0.0000 0.0000 0.0000 0.0000 0.0143 0.0000 0.0000 0.0000 0.0000 0.0000 0.0000 0.0000 0.0000 0.0000 0.0000 0.0000
