# numpoly:1.0.6 names:q0,q1,q2,q3,q4 keys:;;;;;,;;;;<,;;;;=,;;;;>,;;;<;,;;;<<,;;;<=,;;;=;,;;;=<,;;<;;,;;<;<,;;<;=,;;<<;,;;<<<,;;=;;,;<;;;,;<;;<,;<;<;,;<<;;,;=;;;,<;;;;,<;;;<,<;;<;,<;<;;,<<;;;,=;;;;,=<;;; shape:9
# onwind solar H2 battery transmission offwind wind tsc gini
2736.1459 -740.8242 327.2740 0.0000 -214.8943 656.4371 59.7415 -87.3727 0.0000 -129.5250 894.8412 -514.1490 400.8061 -679.3326 0.0000 100.4907 44.2266 -136.9995 207.4601 -720.1828 -6278.3095 1.7883 58.9068 -208.4353 4903.4069 2889.5450 -2803.9395
234.7762 -208.8573 361.9228 -212.1299 275.1847 -522.3326 242.0193 100.7316 0.0000 -492.7321 88.9783 0.0000 0.0000 0.0000 92.6442 327.6300 40.7957 -199.6617 0.0000 0.0000 67.8196 0.0000 47.4360 -58.9467 0.0000 0.0000 0.0000
123.1015 110.5309 23.8535 3.3943 -124.8109 -157.4852 -48.4592 27.1164 107.5301 25.7279 -14.3965 0.0000 0.0000 0.0000 0.0000 7.7053 0.0000 0.0000 0.0000 0.0000 -7.7118 13.1009 -1.3676 0.0000 0.0000 0.0000 0.0000
25.8696 -120.5030 156.9349 -246.0921 149.1556 -398.1065 606.0231 151.8729 -296.7423 -47.9012 72.7628 0.0000 -48.0911 0.0000 0.0000 79.3572 0.0000 -13.2032 0.0000 0.0000 27.6172 -42.0712 34.5941 -1.9774 -60.7844 26.4259 0.0000
225.7289 -86.7328 179.0408 -101.4080 53.0001 34.8607 0.0000 44.8196 -24.5208 48.7152 0.0000 0.0000 0.0000 0.0000 0.0000 44.7587 0.0000 -98.0894 0.0000 0.0000 -60.3429 -6.7138 72.8364 -16.9026 84.8886 -6.3438 0.0000
424.6799 94.8201 -147.6474 45.9607 -44.6562 214.9228 -182.4286 -7.5378 0.0000 23.7744 -203.7593 197.5768 -48.8113 65.6550 -28.8150 -1252.0997 -21.9991 80.0958 -36.1803 533.1883 995.0678 -9.5448 -21.0638 153.1996 -518.8549 0.0000 0.0000
1347.0044 115.9596 -229.7820 85.3664 75.4060 283.9453 0.0000 -103.8531 0.0000 269.1857 -24.8314 -16.9706 10.9339 -96.7759 -46.0930 443.0897 0.0000 -28.2675 99.3557 -7.3155 -1353.3139 0.0000 15.5570 0.0000 -204.3371 467.1587 0.0000
89.4033 7.2810 -10.0595 0.0000 35.5115 21.6181 0.0000 -12.2886 0.0000 22.8425 0.0000 0.0000 0.0000 0.0000 0.0000 -49.8373 0.0000 0.0000 0.0000 0.0000 73.4778 0.0000 0.0000 0.0000 92.3659 -30.7349 0.0000
0.1505 0.0000 0.0000 0.0000 0.0000 0.0000 0.0000 0.0000 0.0000 0.0000 0.0000 0.0000 0.0000 0.0000 0.0000 0.0000 0.0000 0.0000 0.0000 0.0000 0.0000 0.0000 0.0000 0.0000 0.0000 0.0000 0.0000
