# numpoly:1.0.6 names:q0,q1,q2,q3,q4 keys:;;;;;,;;;;<,;;;;=,;;;;>,;;;<;,;;;<<,;;;<=,;;;=;,;;;=<,;;;>;,;;<;;,;;<;<,;;<;=,;;<<;,;;=;;,;<;;;,;<;;<,;<;<;,;<<;;,;=;;;,<;;;;,<;;;<,<;;;=,<;;<;,<;;<<,<;<;;,<;<;<,<<;;;,=;;;; shape:9
# onwind solar H2 battery transmission offwind wind tsc gini
1775.8363 -10.2742 -306.9792 204.0323 11.4827 450.4436 -235.7981 -138.4992 0.0000 0.0000 175.8708 254.5794 0.0000 -63.6663 -122.3888 1328.3658 0.0000 113.7434 111.5387 -2308.0412 -2524.6391 88.3291 0.0000 -98.1941 111.5235 229.6201 -304.8855 3420.0434 -815.2234
-82.2526 -384.9471 311.2252 -84.7323 152.8889 -199.1159 0.0000 158.5930 79.3430 -44.3043 -432.1818 355.9861 -237.4443 141.6931 29.8272 41.5843 24.1638 126.1124 0.0000 403.7080 1191.1941 -55.2472 166.2769 -341.2010 -121.1708 -183.6296 0.0000 -1186.0339 404.9955
143.0082 98.9683 -182.4271 165.7618 -165.4115 166.2287 -236.4209 -19.5065 75.4332 0.0000 45.7348 -20.8669 0.0000 0.0000 0.0000 -0.0441 -6.5579 4.2733 0.0000 0.0000 -14.4691 52.2285 0.0000 0.0000 0.0000 -10.4368 0.0000 0.0000 0.0000
-6.4828 -216.1159 1248.1577 -1133.9404 429.2709 -1721.9573 1724.8814 353.8973 -533.1729 0.0000 -34.9361 25.5863 0.0000 -63.2672 0.0000 -24.5720 16.5544 -47.2236 8.7979 0.0000 86.9785 -139.6653 0.0000 60.0345 0.0000 0.0000 0.0000 0.0000 0.0000
228.9491 -39.7218 133.8240 -83.6633 -60.3397 -8.0555 0.0000 122.9319 0.0000 0.0000 32.9482 0.0000 0.0000 -19.7503 41.7512 139.7640 47.2198 0.0000 0.0000 207.1538 354.0698 -66.0043 0.0000 -25.3233 0.0000 -67.7634 0.0000 -695.3673 305.2600
-14.0883 -20.2602 8.2685 0.0000 17.8964 0.0000 0.0000 0.0000 0.0000 0.0000 -0.4323 5.1219 0.0000 0.0000 0.0000 -112.9286 0.0000 -60.6413 0.0000 355.6652 145.1878 0.0000 0.0000 50.2038 0.0000 0.0000 0.0000 -574.5721 195.5263
1720.9312 121.8597 -274.5026 173.2801 35.4934 479.1457 -186.1501 -138.7064 0.0000 0.0000 364.3480 0.0000 0.0000 -75.6843 -126.0079 1050.5449 -1.8035 29.6610 108.1965 -1793.9095 -2314.9712 -79.2061 0.0000 0.0000 0.0000 36.1779 0.0000 2748.5649 -534.4119
91.1489 7.5699 -10.3095 0.0000 35.0593 22.5184 0.0000 -12.9676 0.0000 0.0000 27.8596 0.0000 0.0000 0.0000 0.0000 -48.5232 0.0000 0.0000 0.0000 0.0000 65.1052 0.0000 0.0000 0.0000 0.0000 0.0000 0.0000 80.2553 -19.4780
0.5153 0.0014 0.0000 0.0000 0.0619 0.0000 0.0000 0.0000 0.0000 0.0000 -0.0308 0.0000 0.0000 0.0000 0.0000 -0.0726 0.0000 0.0000 0.0000 0.0000 0.1406 0.0000 0.0000 0.0000 0.0000 0.0000 0.0000 0.0000 0.0000
