# numpoly:1.0.6 names:q0,q1,q2,q3,q4 keys:;;;;;,;;;;<,;;;;=,;;;;>,;;;<;,;;;<<,;;;<=,;;;=;,;;;=<,;;;>;,;;<;;,;;<;<,;;<;=,;;<<;,;;<<<,;;<=;,;;=;;,;;=;<,;;=<;,;;>;;,;<;;;,;<;;<,;<;;=,;<;<;,;<;<<,;<;=;,;<<;;,;<<;<,;<<<;,;=;;;,;=;;<,<;;;;,<;;;<,<;;;=,<;;<;,<;;<<,<;;=;,<;<;;,<;<<;,<;=;;,<<;;;,<<;;<,<<;<;,<<<;;,<=;;;,=;;;;,=;;;<,=;;<;,=;<;;,=<;;; shape:9
# onwind solar H2 battery transmission offwind wind tsc gini
2661.8708 -490.6693 399.2079 -220.2345 -881.3818 597.1175 63.9883 -242.4611 -250.9081 0.0000 39.7385 279.6651 50.2268 573.0985 -657.0092 0.0000 -75.5996 0.0000 0.0000 0.0000 3623.1044 229.1179 -58.6934 -258.8356 0.0000 0.0000 207.8963 15.9703 0.0000 -4282.0287 0.0000 -7551.5335 -693.4750 0.0000 966.8377 432.0322 330.7500 -653.3623 0.0000 0.0000 7260.4704 0.0000 441.5471 0.0000 0.0000 1351.9804 0.0000 -1190.3618 0.0000 -1447.3498
161.9779 -16.7994 -26.8910 0.0000 140.7844 -226.9252 98.0106 79.0702 -13.2571 0.0000 -392.3702 70.0233 -7.6703 33.7200 0.0000 0.0000 166.0233 0.0000 0.0000 0.0000 -20.2819 61.1441 0.0000 -128.3404 0.0000 0.0000 0.0000 0.0000 0.0000 -105.7432 0.0000 133.3837 -45.2420 0.0000 2.5965 0.0000 0.0000 -237.2389 0.0000 0.0000 512.3443 0.0000 0.0000 0.0000 0.0000 -123.6008 0.0000 0.0000 0.0000 0.0000
27.5903 363.8928 -259.4766 112.0550 -130.8429 -265.3495 0.0000 126.8859 104.3132 0.0000 44.8990 -8.1157 0.0000 27.8685 0.0000 0.0000 0.0000 0.0000 0.0000 0.0000 37.3155 23.5199 0.0000 0.0000 0.0000 0.0000 0.0000 0.0000 0.0000 0.0000 0.0000 42.3644 2.2489 0.0000 -101.1328 0.0000 0.0000 0.0000 0.0000 0.0000 -27.1283 0.0000 0.0000 0.0000 0.0000 9.3722 0.0000 0.0000 0.0000 0.0000
77.2836 -1188.4582 2960.3251 -2012.9733 653.5639 -1306.9854 1053.5698 -36.2613 -140.0126 0.0000 -15.8942 -237.3922 114.9256 -39.1838 0.0000 0.0000 3.9519 0.0000 0.0000 0.0000 328.8587 -1181.0234 723.9356 3.8066 0.0000 0.0000 98.7536 0.0000 0.0000 0.0000 0.0000 51.9704 169.7427 -37.1130 7.0984 0.0000 0.0000 0.0000 0.0000 0.0000 0.0000 0.0000 0.0000 0.0000 0.0000 -57.4012 0.0000 0.0000 0.0000 0.0000
477.5088 -31.8558 -19.8946 31.9923 36.8187 131.6977 -84.7146 -26.4326 0.0000 0.0000 -21.5453 3.5511 0.0000 -18.4421 0.0000 0.0000 0.0000 0.0000 0.0000 0.0000 182.0429 -6.8411 0.0000 -37.5338 0.0000 0.0000 -37.6281 0.0000 0.0000 0.0000 0.0000 -63.0621 45.6910 0.0000 45.2303 0.0000 0.0000 87.4584 0.0000 0.0000 -56.7900 0.0000 0.0000 0.0000 0.0000 0.0000 0.0000 0.0000 0.0000 0.0000
78.6007 28.9149 -314.8391 218.6065 -67.0244 488.9125 -269.9442 -126.8073 152.0479 0.0000 95.2237 45.4303 0.0000 0.0000 0.0000 0.0000 -15.7771 0.0000 0.0000 0.0000 -1979.9362 -106.3750 0.0000 6.6010 0.0000 0.0000 0.0000 0.0000 0.0000 2442.1104 0.0000 1723.2585 394.5803 -11.1443 261.7867 -397.0987 0.0000 119.2200 0.0000 0.0000 -3680.3960 0.0000 0.0000 0.0000 0.0000 1209.0407 0.0000 0.0000 0.0000 0.0000
-5747.7008 -6990.3472 2127.8235 -145.4281 -6854.9116 5474.2873 -976.0811 -9106.8265 1106.2201 1054.9344 44177.9646 -3939.8683 4131.0822 4437.9259 -3625.5508 9435.1450 -47649.1733 831.1006 -2710.1267 17984.5233 -2931.2264 9276.2745 -3015.9982 12952.6115 -523.7091 -3256.3599 4141.8446 4.7874 -5421.5866 -5820.5949 -3474.6696 -4359.4750 4550.5280 -2726.5494 7678.7826 -2751.7901 948.9146 -15126.0182 -5995.2591 3867.3309 2789.2925 455.8493 -3196.5053 88.8303 7009.3588 3023.2821 -143.7993 533.3073 6727.2111 -7517.4896
96.8929 12.3088 -11.9928 0.0000 36.3227 18.9949 0.0000 -12.3159 0.0000 0.0000 28.2980 0.0000 0.0000 0.0000 0.0000 0.0000 0.0000 0.0000 0.0000 0.0000 -47.6137 0.0000 0.0000 0.0000 0.0000 0.0000 0.0000 0.0000 0.0000 0.0000 0.0000 44.1323 0.0000 0.0000 0.0000 0.0000 0.0000 0.0000 0.0000 0.0000 80.1968 0.0000 0.0000 0.0000 0.0000 -6.9115 0.0000 0.0000 0.0000 0.0000
0.5869 0.0373 0.0000 0.0000 -0.0076 0.0000 0.0000 0.0000 0.0000 0.0000 0.0655 0.0000 0.0000 0.0000 0.0000 0.0000 0.0000 0.0000 0.0000 0.0000 -0.1492 0.0000 0.0000 0.0000 0.0000 0.0000 0.0000 0.0000 0.0000 0.0000 0.0000 0.1550 0.0000 0.0000 0.0000 0.0000 0.0000 0.0000 0.0000 0.0000 0.0000 0.0000 0.0000 0.0000 0.0000 0.0000 0.0000 0.0000 0.0000 0.0000
