# numpoly:1.0.6 names:q0,q1,q2,q3,q4 keys:;;;;;,;;;;<,;;;;=,;;;;>,;;;<;,;;;<<,;;;<=,;;;=;,;;;=<,;;;>;,;;<;;,;;<;<,;;<;=,;;<<;,;;<<<,;;=;;,;;=;<,;<;;;,;<;;<,;<;<;,;<;<<,;<<;;,;=;;;,<;;;;,<;;;<,<;;;=,<;;<;,<;;<<,<;;=;,<;<;;,<;<;<,<<;;;,<<;<;,=;;;; shape:9
# onwind solar H2 battery transmission offwind wind tsc gini
1968.4066 -685.4943 244.8091 22.5373 124.0729 411.5840 -21.5593 -11.8467 0.0000 -43.0038 314.5154 503.9804 -461.8572 -65.1656 90.2318 -331.9415 -2.0102 1531.0305 -248.4439 105.6470 159.5270 447.8829 -4637.6659 -4121.1367 542.9456 89.5396 -523.8997 -579.5510 26.5305 -59.2782 0.0000 8762.5233 341.1822 -2966.9847
292.7010 469.6469 20.5622 -71.2535 133.2301 -825.0640 456.2619 226.9449 -172.1911 0.0000 -851.5903 27.1899 0.0000 -293.4353 0.0000 961.5329 0.0000 -172.4856 0.0000 80.0105 0.0000 -196.3610 -73.4532 1209.8491 -760.9016 0.0000 95.7059 190.7272 0.0000 -1454.7128 425.1856 657.6859 0.0000 0.0000
270.6874 139.2915 -135.4401 72.5221 -433.0836 168.7751 -138.1991 182.0768 0.0000 0.0000 -16.8317 -26.4572 0.0000 40.2903 0.0000 0.0000 0.0000 -19.4481 33.6570 -23.9169 0.0000 0.0000 -66.8163 -89.9939 26.6908 0.0000 -46.2426 0.0000 0.0000 0.0000 0.0000 216.1966 0.0000 -47.9591
-138.3831 -476.0635 1444.0373 -955.6300 888.6014 -1806.8045 1127.9221 0.6705 -13.8990 0.0000 15.2411 98.5155 0.0000 -106.0663 0.0000 26.9947 0.0000 65.8367 -83.1401 52.0596 0.0000 12.4655 12.1379 68.1237 -60.3079 0.0000 12.3860 0.0000 0.0000 -103.1170 0.0000 -98.6501 0.0000 84.6620
355.2809 13.3365 -12.0116 0.0000 115.4398 -8.8417 7.0016 -3.7909 0.0000 0.0000 50.7934 -37.6859 0.0000 19.2965 0.0000 0.0000 0.0000 -47.3137 32.0910 -62.1159 0.0000 0.0000 0.0000 157.2215 7.5585 0.0000 0.0000 0.0000 0.0000 0.0000 0.0000 229.2532 0.0000 -194.9315
-350.5630 53.1833 -15.8425 0.0000 54.6906 44.7085 0.0000 -20.5867 0.0000 0.0000 22.7086 -43.8077 0.0000 50.4596 0.0000 0.0000 0.0000 -891.7140 49.8742 -261.6034 0.0000 -125.0781 2746.0226 1855.1429 -85.1777 0.0000 219.8809 0.0000 0.0000 141.1779 0.0000 -5220.6117 0.0000 1849.8987
1718.8433 -533.8735 96.0515 26.9175 -106.6506 704.2486 -134.2284 -109.4926 3.8571 0.0000 594.9188 98.1205 -134.9565 20.1856 0.0000 -339.3307 0.0000 316.3386 -75.2237 198.5342 0.0000 229.1237 -1754.0673 -2460.4203 466.3655 0.0000 -29.9892 -453.5713 0.0000 0.0000 0.0000 3668.8333 0.0000 -1019.9429
86.4734 8.8796 -11.6252 0.0000 30.1219 21.7100 0.0000 -9.0460 0.0000 0.0000 22.2843 0.0000 0.0000 0.0000 0.0000 0.0000 0.0000 -40.6699 0.0000 0.0000 0.0000 0.0000 0.0000 62.8258 0.0000 0.0000 0.0000 0.0000 0.0000 0.0000 0.0000 80.0165 0.0000 -20.1361
0.2947 0.0000 0.0000 0.0000 0.0000 0.0000 0.0000 0.0000 0.0000 0.0000 0.0000 0.0000 0.0000 0.0000 0.0000 0.0000 0.0000 0.0000 0.0000 0.0000 0.0000 0.0000 0.0000 0.0000 0.0000 0.0000 0.0000 0.0000 0.0000 0.0000 0.0000 0.0000 0.0000 0.0000
