# numpoly:1.0.6 names:q0,q1,q2,q3,q4 keys:;;;;;,;;;;<,;;;;=,;;;;>,;;;<;,;;;<<,;;;<=,;;;=;,;;;=<,;;;>;,;;<;;,;;<;<,;;<;=,;;<<;,;;<<<,;;=;;,;;=;<,;<;;;,;<;;<,;<;<;,;<<;;,;=;;;,<;;;;,<;;;<,<;;<;,<;;<<,<;<;;,<;<;<,<;<<;,<<;;;,<<;;<,<<;<;,=;;;;,=;;<;,=<;;; shape:9
# onwind solar H2 battery transmission offwind wind tsc gini
5764.2857 -1050.5400 318.2015 0.0000 -1326.6485 -149.9534 -39.1567 1253.6134 0.0000 -623.6062 -238.6355 963.9129 -431.0523 159.5956 -273.3116 -77.2040 -234.0843 -1711.5077 611.2207 -707.1126 523.6308 -3395.2446 -13390.5341 638.3243 2143.3481 512.5183 -149.9446 0.0000 176.9988 13704.5347 -821.7364 1475.2501 5251.9889 -2742.5776 -5353.8939
1407.0477 -349.0154 235.8473 0.0000 -999.7640 312.1549 -117.8264 145.3204 -80.5192 0.0000 -1764.2673 -5.2498 -73.2840 478.0565 506.5579 1054.3834 0.0000 283.2610 21.3976 -419.6327 -252.6349 -330.9989 -118.4473 -135.1885 1683.9565 -481.5761 -474.0271 91.0628 -1138.0512 1205.9819 0.0000 0.0000 -152.1895 0.0000 0.0000
381.6372 69.8204 -130.1791 36.2896 -600.1966 223.3394 0.0000 304.7477 -63.3266 0.0000 -47.4692 0.0000 0.0000 72.6360 0.0000 0.0000 0.0000 -60.7110 0.0000 -37.0312 0.0000 0.0000 217.4142 -41.2463 -218.3833 0.0000 0.0000 0.0000 0.0000 117.9187 0.0000 0.0000 -40.3156 0.0000 0.0000
342.8850 -1629.5745 2383.4895 -1134.8457 273.8853 -696.1354 397.1422 6.5210 0.0000 0.0000 -70.5230 0.0000 0.0000 0.0000 0.0000 0.0000 0.0000 240.3394 -52.3853 0.0000 0.0000 0.0000 142.1095 -132.3323 -1.2126 0.0000 0.0000 0.0000 0.0000 0.0000 0.0000 0.0000 0.0000 0.0000 0.0000
503.3408 44.3132 -8.0656 0.0000 155.6343 -34.9029 0.0000 -13.4787 0.0000 0.0000 -17.4724 6.9675 0.0000 32.1143 0.0000 -1.7023 0.0000 59.2470 0.0000 0.0000 0.0000 -355.9070 -345.7624 0.5750 -78.4578 0.0000 0.0000 0.0000 0.0000 776.8544 0.0000 0.0000 -173.4900 0.0000 0.0000
-179.7485 218.7619 -133.0738 0.0000 -47.8215 -68.2585 20.7174 18.5330 0.0000 0.0000 118.7996 -161.8910 130.5572 -26.5344 0.0000 0.0000 0.0000 -913.7878 61.4451 -195.7049 -150.5468 1996.8524 1286.5878 -50.4714 308.4214 0.0000 173.9763 0.0000 0.0000 -3368.3712 0.0000 0.0000 1009.9738 0.0000 0.0000
1688.3890 24.1995 -77.6661 0.0000 -781.2826 85.9142 0.0000 376.0281 0.0000 -201.1934 306.1196 -11.2601 0.0000 228.0202 -221.4652 -211.7089 0.0000 580.0901 -16.3767 302.8154 260.8769 -1259.8823 -2885.6738 210.6911 970.9071 49.9237 58.0573 0.0000 0.0000 1831.3212 0.0000 0.0000 376.0788 -835.5184 0.0000
91.1250 8.3283 -9.4511 0.0000 35.4459 20.0182 0.0000 -12.1902 0.0000 0.0000 27.9594 0.0000 0.0000 0.0000 0.0000 0.0000 0.0000 -49.7505 0.0000 0.0000 0.0000 0.0000 64.7926 0.0000 0.0000 0.0000 0.0000 0.0000 0.0000 82.4447 0.0000 0.0000 -20.5266 0.0000 0.0000
0.5346 -0.0053 0.0000 0.0000 0.0229 0.0000 0.0000 0.0000 0.0000 0.0000 0.0378 0.0000 0.0000 0.0000 0.0000 0.0000 0.0000 0.0428 0.0000 0.0000 0.0000 0.0000 0.0117 0.0000 0.0000 0.0000 0.0000 0.0000 0.0000 0.0000 0.0000 0.0000 0.0000 0.0000 0.0000
