# numpoly:1.0.6 names:q0,q1,q2,q3,q4 keys:;;;;;,;;;;<,;;;;=,;;;;>,;;;<;,;;;<<,;;;<=,;;;=;,;;;=<,;;;>;,;;<;;,;;<;<,;;<;=,;;<<;,;;<<<,;;=;;,;<;;;,;<;;<,;<;;=,;<;<;,;<;<<,;<<;;,;=;;;,<;;;;,<;;;<,<;;;=,<;;<;,<;;<<,<;;=;,<;<;;,<;<<;,<<;;;,<<;;<,<<;<;,<=;;;,=;;;;,=<;;; shape:9
# onwind solar H2 battery transmission offwind wind tsc gini
3663.0532 -1072.5285 538.1414 0.0000 -1088.4755 378.0862 313.6375 607.7320 0.0000 -312.9553 -298.6894 1427.0762 -1013.4440 377.5146 -648.0401 72.2131 5935.2818 295.2714 -129.5317 311.9643 -121.1172 232.7776 -8111.6305 -15629.0382 -170.0590 196.9853 716.9926 0.0000 0.0000 -403.4502 0.0000 5947.3617 0.0000 -618.4668 9714.5276 13343.8695 -13976.9839
1582.6965 -2110.9840 586.2405 82.6577 590.3693 2173.8323 -1089.3356 1118.9673 -451.3585 -624.4262 -1897.0892 1340.0968 110.7313 -207.2022 -1402.0035 876.7088 -2061.8433 820.6689 0.0000 115.7181 0.0000 -340.5376 -542.3733 4129.2644 -691.2424 63.0401 -3967.7883 1478.9179 840.2523 -1542.8947 1242.6069 1936.5647 -1097.7856 0.0000 0.0000 -478.2173 0.0000
290.8186 52.4642 -133.0471 57.8450 -361.5017 259.1138 0.0000 109.6522 -60.3549 0.0000 -43.2387 66.2119 0.0000 -80.0901 0.0000 0.0000 -297.2796 154.2079 0.0000 90.4649 -158.9271 0.0000 0.0000 276.1097 -228.1211 0.0000 0.7296 92.6288 0.0000 0.0000 0.0000 164.3245 0.0000 0.0000 0.0000 -123.0142 0.0000
273.1734 -967.3216 1987.0143 -1340.1800 184.1648 -1159.8534 857.5607 654.9308 0.0000 -224.0196 -227.2076 -522.6649 584.6211 480.0436 -504.7489 0.0000 -23.9606 -247.5034 0.0000 -310.5529 298.8486 0.0000 0.0000 547.9361 149.7939 -62.3574 -364.5256 0.0000 51.0535 -37.7167 0.0000 0.0000 0.0000 0.0000 0.0000 0.0000 0.0000
475.2289 47.6160 -17.4602 18.9202 -5.1446 24.6100 -52.8400 81.6775 0.0000 0.0000 -104.2735 5.6035 0.0000 112.7119 0.0000 63.6936 407.1429 -3.7985 0.0000 -247.6160 5.3163 0.0000 0.0000 -201.7109 -4.8000 0.0000 55.7664 0.0000 0.0000 -68.3476 0.0000 -200.0946 0.0000 0.0000 0.0000 195.9172 0.0000
-2557.7009 583.6394 -171.3070 0.0000 364.2806 -504.0082 -40.2878 -115.8826 0.0000 41.8994 167.8871 -550.1939 207.6259 -324.3077 523.0769 -52.0116 1550.4335 -46.9688 1.3010 120.2966 0.0000 -68.4454 692.9584 7236.9940 109.0580 0.0000 67.0127 -31.2279 0.0000 274.6759 0.0000 -7220.1565 0.0000 0.0000 -593.9405 -4349.6838 4863.8075
342.6908 -74.8691 71.2976 0.0000 -9.2861 -310.4970 244.2877 -177.2698 125.0968 0.0000 477.3805 422.5976 -501.1573 -6.1811 0.0000 0.0000 2229.5067 0.0000 0.0000 -124.7436 0.0000 30.8537 226.8540 -2305.3466 150.7167 149.0755 396.1072 -238.2792 0.0000 -97.2013 0.0000 -1303.3323 0.0000 0.0000 0.0000 1046.4403 0.0000
108.6307 9.0985 -12.2658 0.0000 38.3420 21.9766 0.0000 -11.3672 0.0000 0.0000 17.7528 0.0000 0.0000 0.0000 0.0000 0.0000 -98.1571 0.0000 0.0000 0.0000 0.0000 0.0000 0.0000 94.8374 0.0000 0.0000 0.0000 0.0000 0.0000 0.0000 0.0000 88.5714 0.0000 0.0000 0.0000 -25.0434 0.0000
0.5934 -0.0217 0.0000 0.0000 0.0085 0.0000 0.0000 0.0000 0.0000 0.0000 0.0346 0.0000 0.0000 0.0000 0.0000 0.0000 0.1156 0.0000 0.0000 0.0000 0.0000 0.0000 0.0000 -0.1259 0.0000 0.0000 0.0000 0.0000 0.0000 0.0000 0.0000 0.0000 0.0000 0.0000 0.0000 0.0000 0.0000
