# numpoly:1.0.6 names:q0,q1,q2,q3,q4 keys:;;;;;,;;;;<,;;;;=,;;;;>,;;;<;,;;;<<,;;;<=,;;;=;,;;;>;,;;<;;,;;<;<,;;<<;,;;<<<,;;=;;,;<;;;,;<;;<,;<;<;,;<;<<,;<<;;,;=;;;,<;;;;,<;;;<,<;;;=,<;;<;,<;;<<,<;<;;,<<;;;,=;;;; shape:9
# onwind solar H2 battery transmission offwind wind tsc gini
803.3490 -31.6181 -277.4506 0.0000 187.1713 -274.8840 438.7903 -81.0952 0.0000 417.3797 -167.0614 -34.5317 55.6963 -85.8062 1116.9296 100.1926 101.2447 -60.9751 0.0000 -353.1716 -1844.1268 528.8990 -183.2944 143.6961 -231.7679 227.4010 381.0965 0.0000
288.2849 81.1084 314.4106 82.4189 832.4621 -625.1578 -281.9002 -206.3033 83.4024 -1438.4291 466.5872 -90.5902 0.0000 992.0613 380.1086 -258.2454 137.4846 0.0000 -37.0570 -1298.4870 921.8668 -885.4747 0.0000 -654.7778 950.0885 -1010.4248 2532.1290 -733.1550
-7.0849 148.1977 -60.2994 0.0000 -232.4238 55.4971 -14.5481 72.2630 0.0000 40.8167 -21.3964 0.0000 0.0000 0.0000 177.3920 -4.3430 81.7197 0.0000 0.0000 0.6132 137.2411 0.0000 0.0000 -107.3514 0.0000 0.0000 -244.0763 77.5853
395.7416 -1085.8308 1599.3560 -678.4448 535.8737 -403.9450 0.0000 0.0000 0.0000 -149.2112 168.0338 -4.8344 0.0000 0.0000 -131.4590 -131.2851 -80.8865 0.0000 0.0000 -296.1833 -69.9628 -497.2484 228.0866 -85.2948 137.5722 -75.4743 881.0256 -207.8482
411.6562 15.7636 -23.3393 0.0000 90.6707 -6.3324 0.0000 0.0000 0.0000 45.0746 -19.1436 0.0000 0.0000 -11.9990 82.7381 0.0000 0.0000 0.0000 0.0000 -291.5138 14.6388 19.6850 0.0000 -6.0601 0.0000 0.0000 571.2946 -286.3252
-30.5797 0.2543 6.5202 0.0000 14.4119 -14.0448 0.0000 0.0000 0.0000 2.9612 0.0000 0.0000 0.0000 0.0000 9.0643 8.3891 -22.4367 0.0000 0.0000 85.1896 43.8878 -8.9307 0.0000 18.7001 0.0000 0.0000 -180.3764 63.8500
1069.9632 54.0716 -376.9426 0.0000 21.6501 -55.0737 420.1044 -69.6509 0.0000 383.8555 -144.1309 -11.1812 18.0341 -112.5750 438.2542 88.2363 13.9753 0.0000 0.0000 -85.0408 -1403.8739 526.9422 -37.6406 317.5001 -512.0969 218.9326 111.6497 84.0647
76.2824 3.5760 -10.4349 0.0000 39.2057 22.5754 0.0000 -10.9314 0.0000 30.0154 0.0000 0.0000 0.0000 0.0000 -56.7632 0.0000 0.0000 0.0000 0.0000 0.0000 76.6596 0.0000 0.0000 0.0000 0.0000 0.0000 83.9861 -25.6970
0.6467 0.0050 0.0000 0.0000 -0.0082 0.0000 0.0000 0.0000 0.0000 0.0091 0.0000 0.0000 0.0000 0.0000 0.0186 0.0000 0.0000 0.0000 0.0000 0.0000 -0.0531 0.0000 0.0000 0.0000 0.0000 0.0000 0.0000 0.0000
