# numpoly:1.0.6 names:q0,q1,q2,q3,q4 keys:;;;;;,;;;;<,;;;;=,;;;;>,;;;<;,;;;<<,;;;<=,;;;=;,;;;=<,;;;>;,;;<;;,;;<;<,;;<;=,;;<<;,;;<<<,;;<=;,;;=;;,;<;;;,;<;;<,;<;;=,;<;<;,;<<;;,;=;;;,<;;;;,<;;;<,<;;;=,<;;<;,<;;<<,<;;=;,<;<;;,<;<;<,<<;;;,<<;;<,<<;<;,<=;;;,=;;;;,=<;;; shape:9
# onwind solar H2 battery transmission offwind wind tsc gini
5867.7133 -500.8524 1257.9917 -383.5231 -781.4709 -788.7003 356.3178 -114.1320 313.8917 -69.5741 492.0109 77.7822 -759.9261 20.6886 -33.3687 0.0000 -177.0659 5641.5203 698.3970 -354.5813 1261.2141 658.2100 -12147.3200 -24354.5706 -785.8272 106.7926 1519.5484 -63.5732 0.0000 -991.1757 845.3493 12735.6276 0.0000 -1730.4347 14255.8123 19858.6563 -21534.8636
2684.6054 -1860.1014 963.1858 5.1865 -2174.6494 1039.8045 -663.6610 1446.0947 0.0000 -754.6989 -2739.9968 1846.8329 0.0000 875.7189 -1874.9897 62.2694 863.5939 -892.2641 150.2750 -23.3999 1162.8688 -549.6598 1160.6169 319.6601 -679.5418 -383.5733 432.2622 1726.8807 142.9069 140.4227 -226.4882 -217.0032 -208.2098 -1904.9255 0.0000 669.5414 0.0000
373.1674 -140.5136 -10.9612 0.0000 -660.3502 663.6724 -20.5652 436.4287 -351.5025 0.0000 -26.9754 79.7281 0.0000 -0.3775 0.0000 0.0000 0.0000 -215.8558 0.0000 0.0000 -115.8952 0.0000 219.4028 202.5117 -144.6852 0.0000 -112.5991 0.0000 0.0000 -37.9786 0.0000 -86.9783 0.0000 0.0000 0.0000 55.8649 0.0000
300.1846 -1112.9320 2199.7537 -1362.7659 -24.8462 -1269.9770 879.9806 969.2438 0.0000 -429.2597 -49.4587 -595.5220 549.5006 173.2414 -138.6469 0.0000 0.0000 207.0461 -85.8709 0.0000 -168.8123 0.0000 82.4581 111.6043 175.3741 -175.0102 -184.5429 0.0000 68.9337 0.0000 0.0000 -178.9600 0.0000 0.0000 0.0000 119.3208 0.0000
296.2647 115.8176 -92.0299 20.9402 91.1478 -77.6372 0.0000 19.8563 0.0000 0.0000 38.3445 -55.4175 0.0000 95.7922 0.0000 0.0000 0.0000 336.8259 76.8678 0.0000 -216.7094 0.0000 0.0000 -20.7190 55.0024 0.0000 91.1047 0.0000 0.0000 -45.1997 0.0000 -147.7322 0.0000 0.0000 0.0000 14.5450 0.0000
-5060.7585 1250.5284 -922.7332 279.5751 925.1599 -389.2864 -119.0696 -337.4142 0.0000 129.4414 390.8098 -846.7563 403.5076 -333.1069 526.2073 0.0000 0.0000 2641.3286 -307.7819 128.8080 -418.4954 -207.5575 2263.3376 14048.3898 129.5833 0.0000 -644.3871 0.0000 0.0000 271.7731 0.0000 -12349.6351 0.0000 859.2903 -2710.5839 -9106.0972 9820.9167
1000.9057 -5.8793 -202.3829 -9.4330 121.3516 -127.3082 230.1466 -316.0313 262.4596 0.0000 475.4927 28.4739 -149.5118 0.0000 0.0000 0.0000 -175.3693 346.4060 136.0480 -22.4989 61.8320 253.6862 -70.2690 -1936.8243 464.1701 149.0107 501.5556 -735.8117 0.0000 -210.2253 11.9024 0.0000 0.0000 0.0000 0.0000 602.4300 0.0000
91.3397 10.2247 -12.1164 0.0000 34.1967 21.5734 0.0000 -12.4370 0.0000 0.0000 27.2048 0.0000 0.0000 0.0000 0.0000 0.0000 0.0000 -53.1793 0.0000 0.0000 0.0000 0.0000 0.0000 63.9689 0.0000 0.0000 0.0000 0.0000 0.0000 0.0000 0.0000 85.2500 0.0000 0.0000 0.0000 -22.5318 0.0000
0.5842 0.0145 0.0000 0.0000 -0.0126 0.0000 0.0000 0.0000 0.0000 0.0000 0.0561 0.0000 0.0000 0.0000 0.0000 0.0000 0.0000 0.0280 0.0000 0.0000 0.0000 0.0000 0.0000 -0.0435 0.0000 0.0000 0.0000 0.0000 0.0000 0.0000 0.0000 0.0000 0.0000 0.0000 0.0000 0.0000 0.0000
