# numpoly:1.0.6 names:q0,q1,q2,q3,q4 keys:;;;;;,;;;;<,;;;;=,;;;;>,;;;<;,;;;<<,;;;<=,;;;=;,;;;=<,;;;>;,;;<;;,;;<;<,;;<;=,;;<<;,;;<<<,;;<=;,;;=;;,;;=;<,;<;;;,;<;;<,;<;;=,;<;<;,;<;<<,;<<;;,;=;;;,<;;;;,<;;;<,<;;;=,<;;<;,<;;<<,<;;=;,<;<;;,<<;;;,<<;;<,=;;;;,=;;;<,=;<;; shape:9
# onwind solar H2 battery transmission offwind wind tsc gini
1398.7315 -1123.7137 795.5951 -272.8324 1362.5180 -946.3843 462.6645 -615.9026 0.0000 15.7487 114.2211 1039.4381 -781.7261 -421.2895 449.2342 0.0000 -244.2169 -171.9952 2139.1656 54.6580 0.0000 224.5374 0.0000 594.1551 -3827.0191 -4494.9182 1408.5349 0.0000 -855.2019 0.0000 463.9395 327.9332 6263.7788 0.0000 -1326.2974 -902.8829 -276.6962
-725.0399 1072.0289 -659.8676 194.3464 593.7276 -154.8293 0.0000 171.5340 0.0000 -453.7662 -684.1939 -1002.9101 226.3026 -1229.4684 -509.8821 1386.2534 1072.3022 680.5748 1193.2617 -543.1944 436.3511 -375.0228 0.0000 0.0000 -692.4834 2561.5212 -59.8099 -410.2952 -129.5089 795.7677 -283.3205 -2708.0502 645.6216 0.0000 -424.4013 0.0000 505.5406
82.5416 188.7577 -189.8478 24.3693 -539.0753 28.1702 32.9127 373.4243 0.0000 -49.9398 -101.5990 -5.3799 0.0000 119.3263 0.0000 0.0000 19.3191 0.0000 402.0114 49.3334 0.0000 -142.2009 0.0000 -22.2837 -196.2392 -2.6072 0.0000 0.0000 -88.4021 0.0000 0.0000 0.0000 76.1958 0.0000 0.0000 0.0000 0.0000
864.3247 -5065.2375 8659.2724 -4458.1961 1360.8575 -2353.4970 1298.1356 0.0000 0.0000 0.0000 59.6321 -329.7635 265.9383 -21.1704 0.0000 0.0000 23.2505 0.0000 131.6574 -215.9189 63.4070 -80.7690 8.0651 4.0192 -54.2362 635.3105 -1424.2746 742.8314 10.9870 0.0000 0.0000 -55.1773 310.0940 -136.0790 8.0452 0.0000 0.0000
147.6970 232.9491 -138.9500 0.0000 233.1535 -302.1253 180.1403 -14.2997 0.0000 0.0000 62.6803 0.0000 0.0000 -121.2575 0.0000 0.0000 0.0000 0.0000 -6.8333 10.1537 0.0000 -152.4828 0.0000 33.5590 0.0000 47.3522 0.0000 0.0000 261.9256 0.0000 0.0000 65.4108 195.9719 0.0000 -298.5202 0.0000 0.0000
168.6775 163.8329 1.9241 0.0000 -35.7423 8.9661 0.0000 -0.4391 -46.3462 0.0000 61.5202 -119.1934 40.8937 -57.3489 0.0000 0.0000 0.0000 0.0000 -1519.6138 -21.0607 0.0000 21.8499 0.0000 -217.8808 2453.5948 1323.5080 -208.5362 0.0000 157.9950 0.0000 0.0000 315.7379 -3967.5172 0.0000 1423.5622 155.6488 0.0000
847.7943 51.1061 389.2501 -238.8974 1440.3264 -744.0632 439.0331 -1140.6061 -46.2102 341.5550 883.9165 340.4933 -417.7476 -393.2630 267.5826 0.0000 -419.3027 0.0000 484.7220 19.9207 0.0000 264.1939 0.0000 261.8520 -1195.8479 -2050.6126 -177.2692 109.3971 -353.2632 -10.7474 243.3096 105.0303 2199.9018 0.0000 -538.1044 0.0000 0.0000
95.6623 12.3012 -45.3450 17.0507 19.5872 79.3087 -22.8552 -22.5037 0.0000 0.0000 22.3916 0.0000 0.0000 1.7309 0.0000 0.0000 0.0000 0.0000 -52.3023 0.0000 0.0000 0.0000 0.0000 0.0000 0.0000 69.9651 0.0000 0.0000 0.0000 0.0000 0.0000 0.0000 97.4759 0.0000 -33.0637 0.0000 0.0000
0.2761 0.0000 0.0000 0.0000 0.0000 0.0000 0.0000 0.0000 0.0000 0.0000 0.0000 0.0000 0.0000 0.0000 0.0000 0.0000 0.0000 0.0000 0.0000 0.0000 0.0000 0.0000 0.0000 0.0000 0.0000 0.0000 0.0000 0.0000 0.0000 0.0000 0.0000 0.0000 0.0000 0.0000 0.0000 0.0000 0.0000
