# numpoly:1.0.6 names:q0,q1,q2,q3,q4 keys:;;;;;,;;;;<,;;;;=,;;;;>,;;;<;,;;;<<,;;;<=,;;;=;,;;;=<,;;<;;,;;<;<,;;<;=,;;<<;,;;=;;,;<;;;,;<;;<,;<;<;,;<<;;,;=;;;,<;;;;,<;;;<,<;;;=,<;;<;,<;<;;,<<;;;,=;;;; shape:9
# onwind solar H2 battery transmission offwind wind tsc gini
1929.0412 79.2746 -255.1333 156.9068 8.3817 434.4986 -168.9440 -105.9037 0.0000 406.2655 0.0000 0.0000 -81.8743 -139.8043 1152.7665 59.4731 94.7488 143.9805 -1908.5288 -2574.9675 -150.1877 0.0000 0.0000 0.0000 2897.1165 -506.9201
-3.5717 -192.8155 109.4804 -7.5215 244.0388 -336.8244 0.0000 51.3371 118.2293 -520.2951 161.2873 -78.6432 143.7446 31.6039 -112.0665 -6.5136 157.0744 0.0000 415.2085 1171.4963 86.8205 47.2243 -454.2522 0.0000 -1063.0549 213.4838
171.2838 24.9677 -109.9500 127.7158 -201.5886 244.8885 -227.0906 -10.6251 17.1373 38.3991 0.0000 0.0000 0.0000 0.0000 -3.0837 0.0000 0.0000 0.0000 0.0000 -16.8829 22.8893 0.0000 40.5679 -24.8573 0.0000 0.0000
-213.9063 317.8167 797.2187 -1050.8287 488.2906 -1787.7017 1642.6993 278.7766 -386.9083 89.4363 -513.7995 369.6650 0.0000 26.3372 -34.4850 38.1564 -21.2903 0.0000 0.0000 164.4494 -156.6560 21.5553 0.0000 0.0000 -0.6036 0.0000
85.3809 -11.1631 161.4661 -92.1535 -51.2769 -26.4975 0.0000 123.4689 0.0000 64.4975 0.0000 0.0000 -38.8209 50.9049 111.2118 2.2601 0.0000 0.0000 221.7507 195.3930 -41.2337 0.0000 -15.1342 -83.5768 -708.9181 420.4062
-66.7266 5.4894 0.0000 0.0000 13.1372 0.0000 0.0000 0.0000 0.0000 -0.2032 0.0000 0.0000 0.0000 0.0000 35.9027 -12.8499 -12.8815 0.0000 80.8783 112.0543 9.2066 0.0000 0.6100 0.0000 -219.0575 53.6591
1942.3268 66.8002 -221.4042 137.0383 62.1130 430.7412 -162.5450 -110.3418 0.0000 411.7588 6.6940 0.0000 -89.3214 -137.3246 1014.9042 24.8320 49.4949 133.6296 -1654.3716 -2509.4859 -127.8513 0.0000 0.0000 0.0000 2580.6216 -379.2948
88.0934 6.6015 -9.6624 0.0000 35.5535 21.9353 0.0000 -12.0409 0.0000 23.2959 0.0000 0.0000 0.0000 0.0000 -39.2049 0.0000 0.0000 0.0000 0.0000 71.4989 0.0000 0.0000 0.0000 0.0000 78.8040 -20.8281
0.1742 0.0000 0.0000 0.0000 0.0000 0.0000 0.0000 0.0000 0.0000 0.0000 0.0000 0.0000 0.0000 0.0000 0.0000 0.0000 0.0000 0.0000 0.0000 0.0000 0.0000 0.0000 0.0000 0.0000 0.0000 0.0000
