# numpoly:1.0.6 names:q0,q1,q2,q3,q4 keys:;;;;;,;;;;<,;;;;=,;;;;>,;;;<;,;;;<<,;;;<=,;;;=;,;;;=<,;;;>;,;;<;;,;;<;<,;;<;=,;;<<;,;;=;;,;<;;;,;<;;<,;<;;=,;<;<;,;<;<<,;<<;;,;=;;;,<;;;;,<;;;<,<;;;=,<;;<;,<;;<<,<;<;;,<<;;;,=;;;; shape:9
# onwind solar H2 battery transmission offwind wind tsc gini
2019.8550 -552.8554 377.5080 -190.5644 -358.1252 788.0181 0.0000 -164.4761 -1.1702 0.0000 101.2185 693.7759 -410.8979 0.0000 -60.1083 1885.4973 -61.3799 0.0000 -117.7690 270.5099 304.4945 -3719.8994 -4161.4128 -38.5880 311.3944 760.9271 -997.7412 -621.5839 6217.6656 -1320.3983
469.0147 -284.5770 96.0620 -44.6091 141.5028 -617.5926 300.5953 280.3909 43.1224 -115.9701 -833.3472 -58.5154 0.0000 -17.3951 594.8729 89.9598 225.5192 -103.7143 -84.4608 0.0000 0.0000 -114.1556 422.5092 157.5754 0.0000 -6.4357 0.0000 -585.6694 748.9571 -243.6741
156.9900 14.4303 -13.4940 32.3808 4.9318 -23.8047 -36.1052 44.2289 0.0000 0.0000 15.5991 -24.9850 0.0000 14.1890 0.0000 -227.0748 0.0000 0.0000 -0.9872 0.0000 0.0000 -41.2496 76.8912 25.4054 0.0000 0.0000 0.0000 0.0000 184.5015 -147.2925
11.6675 -80.6889 -4.4792 -25.6078 -72.1826 -126.5261 103.1065 38.1321 -26.2432 0.0000 -79.7689 0.0000 0.0000 0.0000 0.0000 264.4312 0.0000 0.0000 0.0000 0.0000 0.0000 0.0000 28.3433 0.0000 0.0000 0.0000 0.0000 0.0000 0.0000 0.0000
517.2313 65.3096 -52.0741 0.0000 -38.9021 184.2720 -41.0424 -60.2495 0.0000 0.0000 94.7673 -85.1759 0.0000 10.7134 -25.9000 27.1543 -72.3069 0.0000 0.0000 0.0000 0.0000 0.0000 2.2072 60.1746 0.0000 0.0000 0.0000 0.0000 41.3154 0.0000
-157.9029 155.0205 -202.5409 91.7187 -68.4626 240.6606 -64.0344 -46.8424 0.0000 0.0000 3.8628 -66.2855 9.0118 0.0000 0.0000 -869.4207 -91.5647 0.0000 7.1996 -11.6122 -195.9741 2134.9212 1514.5656 25.6954 0.0000 -8.2719 0.0000 331.4074 -3759.4482 1158.2715
1849.2638 -266.4337 41.7107 -41.4175 -378.2260 1019.4568 -53.3111 -211.8162 -24.2877 0.0000 275.1716 281.3310 -129.0197 0.0000 -79.2830 815.5694 9.9203 0.0000 28.2179 0.0000 27.0828 -1431.7192 -2679.5272 81.4409 60.3071 549.5712 -690.9443 -246.9819 2357.8020 -79.0610
91.9921 10.1104 -13.1974 0.0000 34.7498 23.9840 0.0000 -13.5344 0.0000 0.0000 27.1433 0.0000 0.0000 0.0000 0.0000 -63.7422 0.0000 0.0000 0.0000 0.0000 0.0000 0.0000 80.2969 0.0000 0.0000 0.0000 0.0000 0.0000 97.5835 -37.5164
0.6085 0.0239 0.0000 0.0000 -0.0115 0.0000 0.0000 0.0000 0.0000 0.0000 0.0099 0.0000 0.0000 0.0000 0.0000 -0.0163 0.0000 0.0000 0.0000 0.0000 0.0000 0.0000 0.0329 0.0000 0.0000 0.0000 0.0000 0.0000 0.0000 0.0000
