# numpoly:1.0.6 names:q0,q1,q2,q3,q4 keys:;;;;;,;;;;<,;;;;=,;;;;>,;;;<;,;;;<<,;;;<=,;;;=;,;;;=<,;;<;;,;;<;<,;;<;=,;;<<;,;;<<<,;;=;;,;;=;<,;<;;;,;<;;<,;<;;=,;<;<;,;<<;;,;=;;;,<;;;;,<;;;<,<;;;=,<;;<;,<;;<<,<;<;;,<;<;<,<<;;;,=;;;; shape:9
# onwind solar H2 battery transmission offwind wind tsc gini
975.6883 66.2188 -98.3909 60.4489 714.3379 -454.3093 0.0000 -418.4128 397.1768 44.5711 -244.5627 0.0000 57.0168 108.0814 -313.4062 0.0000 2328.5855 120.6136 -160.0139 112.1258 554.6472 -4234.5307 -3081.9835 388.0139 0.0000 -502.7523 0.0000 193.5574 0.0000 6660.5880 -2392.8053
885.2845 -851.0536 857.8589 -216.9858 87.2523 -507.6526 282.6263 147.3408 -118.5106 -1956.4475 1784.8515 -602.3496 -272.7413 0.0000 1915.0218 -484.4299 97.6388 0.0000 0.0000 0.0000 -394.2288 -92.1258 1098.5718 -1082.9779 169.9557 289.3006 0.0000 -2079.8503 482.2304 739.8906 280.2485
136.8624 193.0324 -207.3188 113.8251 -319.2683 172.7486 -131.0805 134.0637 -7.1440 24.1381 -36.3849 0.0000 18.9386 0.0000 0.0000 0.0000 28.6565 3.8924 0.0000 -0.0035 0.0000 0.0000 -2.4059 32.1994 0.0000 -59.8487 0.0000 0.0000 0.0000 8.2557 0.0000
141.1208 -587.6834 1728.4591 -1225.9909 767.4818 -1719.9000 1067.7933 4.6240 0.0000 -283.6632 183.8937 0.0000 -91.0002 0.0000 164.2556 0.0000 1.9359 -40.8754 0.0000 0.0000 0.0000 0.0000 215.8769 -659.2894 372.9505 64.6406 0.0000 -167.6672 0.0000 0.0000 87.8599
427.4296 -28.1630 -19.5677 0.0000 141.2631 -35.7832 27.3866 16.4331 0.0000 100.4413 0.0000 0.0000 0.0000 0.0000 -9.1806 0.0000 60.3490 75.4442 0.0000 -217.1215 5.2842 0.0000 -62.0274 -27.6667 0.0000 133.1125 0.0000 -99.4845 0.0000 120.3681 0.0000
-46.9196 108.4714 0.0000 0.0000 -111.8804 -4.3358 0.0000 13.8550 0.0000 133.6429 -27.3319 0.0000 0.0000 0.0000 0.0000 0.0000 -1247.1523 0.0000 0.0000 -0.8195 -202.8940 2452.8289 1421.3062 -71.6830 0.0000 150.9059 0.0000 159.4625 0.0000 -4094.2690 1442.9578
1001.4884 201.5661 -260.5626 88.5695 418.3562 -115.6503 -43.2303 -339.3713 300.8392 303.7278 -209.6308 0.0000 106.3696 0.0000 -387.3422 0.0000 1017.4522 -76.9002 0.0000 87.3143 256.8047 -1621.4332 -1807.0305 365.7575 0.0000 -284.3858 -79.3350 417.3077 0.0000 2480.7769 -873.3781
85.3013 7.6762 -9.3188 0.0000 34.1686 19.8123 0.0000 -12.4021 0.0000 26.4163 0.0000 0.0000 0.0000 0.0000 0.0000 0.0000 -44.7254 0.0000 0.0000 0.0000 0.0000 0.0000 60.0476 0.0000 0.0000 0.0000 0.0000 0.0000 0.0000 74.8705 -17.1630
0.5779 -0.0147 0.0000 0.0000 0.0416 0.0000 0.0000 0.0000 0.0000 0.0324 0.0000 0.0000 0.0000 0.0000 0.0000 0.0000 -0.0021 0.0000 0.0000 0.0000 0.0000 0.0000 0.0041 0.0000 0.0000 0.0000 0.0000 0.0000 0.0000 0.0000 0.0000
