# numpoly:1.0.6 names:q0,q1,q2,q3,q4 keys:;;;;;,;;;;<,;;;;=,;;;;>,;;;<;,;;;<<,;;;<=,;;;=;,;;;=<,;;;>;,;;<;;,;;<;<,;;<;=,;;<<;,;;=;;,;<;;;,;<;;<,;<;<;,;<<;;,;=;;;,<;;;;,<;;;<,<;;;=,<;;<;,<;<;;,<;<;<,<<;;;,=;;;; shape:9
# onwind solar H2 battery transmission offwind wind tsc gini
1734.4855 -381.8579 -398.7888 233.4340 61.7327 394.4774 -170.0740 -195.0922 44.3914 0.0000 60.1673 524.7261 0.0000 7.0178 -233.0833 2349.6658 -93.0698 111.5458 69.1867 -3540.7845 -3779.4805 671.5831 0.0000 -62.1522 630.6798 -687.6879 5506.4991 -1655.0163
319.6853 -22.6561 118.6919 -163.0782 117.9446 -721.8970 381.8805 124.3173 0.0000 0.0000 -815.9432 322.2722 -116.3247 132.8330 388.6195 -91.5194 113.8410 -40.4825 0.0000 0.0000 943.9950 -313.1709 199.6028 -96.3823 -512.1046 0.0000 1.5452 0.0000
109.8145 234.7771 -273.4870 172.0477 -190.0506 43.4441 -142.4916 87.1801 52.7352 -22.6530 16.5373 -38.5551 0.0000 20.5954 0.0000 16.5739 0.0000 0.0000 0.0000 0.0000 1.3167 61.7663 0.0000 -53.8794 0.0000 0.0000 0.0000 0.0000
70.1227 -505.6429 1335.6351 -1018.7889 565.1818 -1598.0545 1329.8457 135.3647 -249.4922 0.0000 -59.9479 83.2063 0.0000 -92.9684 20.9845 12.8513 0.0000 0.0000 7.1999 0.0000 -41.5757 -44.6977 0.0000 125.5072 0.0000 0.0000 0.0000 0.0000
305.4606 -25.4153 62.6322 -45.4091 -59.8279 37.4551 0.0000 88.0311 0.0000 0.0000 14.9593 25.6971 0.0000 0.0000 0.0000 -287.2808 50.5823 -46.3862 0.0000 0.0000 259.6464 -100.2840 0.0000 9.0717 0.0000 0.0000 345.8853 -205.8009
4.3685 25.1009 41.4883 -20.0405 43.6353 0.0000 0.0000 0.0000 0.0000 0.0000 49.1856 0.0000 0.0000 -40.9640 0.0000 -890.7905 0.0000 -2.8319 0.0000 1601.6307 903.9325 -47.6450 0.0000 13.5795 -30.7121 0.0000 -2677.8390 1048.1802
1600.2759 -69.6671 -166.0500 142.9638 3.7058 565.1988 -254.9214 -160.9915 0.0000 0.0000 436.1079 -19.9338 0.0000 -6.8901 -222.4978 1267.2133 -86.2303 98.2743 82.5663 -1782.4404 -2542.5261 72.3976 0.0000 -37.1833 154.9125 -42.3530 2724.5415 -530.2831
81.4165 7.5175 -10.8048 0.0000 36.7187 22.0327 0.0000 -14.0976 0.0000 0.0000 22.7671 0.0000 0.0000 0.0000 0.0000 -42.8349 0.0000 0.0000 0.0000 0.0000 72.2677 0.0000 0.0000 0.0000 0.0000 0.0000 82.9278 -27.3509
0.2394 0.0000 0.0000 0.0000 0.0000 0.0000 0.0000 0.0000 0.0000 0.0000 0.0000 0.0000 0.0000 0.0000 0.0000 0.0000 0.0000 0.0000 0.0000 0.0000 0.0000 0.0000 0.0000 0.0000 0.0000 0.0000 0.0000 0.0000
