# numpoly:1.0.6 names:q0,q1,q2,q3,q4 keys:;;;;;,;;;;<,;;;;=,;;;;>,;;;<;,;;;<<,;;;<=,;;;=;,;;;=<,;;;>;,;;<;;,;;<;<,;;<;=,;;<<;,;;=;;,;<;;;,;<;;<,;<;;=,;<;<;,;<<;;,;=;;;,<;;;;,<;;;<,<;;;=,<;;<;,<;;<<,<;<;;,<<;;;,=;;;; shape:9
# onwind solar H2 battery transmission offwind wind tsc gini
1725.8824 130.5285 -222.9775 175.7110 64.8614 427.3195 -283.9647 -123.5623 0.0000 0.0000 378.9702 0.0000 0.0000 -46.1533 -89.4785 1536.5758 48.9585 0.0000 79.3327 53.8440 -2287.6126 -2496.8025 -301.8786 0.0000 -132.2151 213.2501 0.0000 3404.0107 -789.5150
-8.7631 -62.4953 -9.4661 0.0000 212.8489 -373.3920 0.0000 154.1978 143.0864 -66.9662 -500.8414 80.2427 -12.7240 132.2213 31.8471 127.9789 97.3071 -33.5112 59.7262 0.0000 0.0000 863.2028 -87.7295 144.5461 -348.4985 0.0000 14.7119 -381.6596 0.0000
174.0223 79.3985 -154.4984 127.4929 -214.6742 207.1337 -167.0433 0.5034 0.0000 0.0000 21.8944 0.0000 0.0000 0.0000 0.0000 8.8263 0.0000 0.0000 0.0000 0.0000 0.0000 -42.6136 0.0000 0.0000 53.9331 0.0000 0.0000 0.0000 0.0000
-9.0264 -313.1767 1297.2545 -1069.5227 648.2852 -1775.3915 1420.2293 134.6653 -184.1105 0.0000 -84.0656 9.5268 0.0000 -40.0065 0.0000 -114.7364 0.0000 0.0000 0.0000 81.8196 32.3123 97.9192 -18.1233 0.0000 -48.6916 0.0000 0.0000 -7.3483 0.2025
112.0967 -17.2584 203.0119 -115.4766 -246.7653 -52.3530 16.4794 415.4730 0.0000 -145.2782 96.5973 0.0000 0.0000 -33.4495 32.1693 125.2263 10.4390 0.0000 0.0000 0.0000 0.0000 187.4381 -68.3166 0.0000 -0.5714 0.0000 -90.1086 -224.5726 157.7457
9.4917 34.0485 6.5411 0.0000 13.8202 -12.2361 0.0000 8.6593 0.0000 0.0000 1.7190 0.0000 0.0000 -7.8492 0.0000 -270.7008 -55.5267 0.0000 -3.9886 0.0000 560.4499 239.7939 29.8409 0.0000 0.0000 0.0000 0.0000 -927.4689 380.2384
1863.7299 30.8288 -190.8581 141.8432 18.9908 522.2779 -230.1557 -102.8449 0.0000 0.0000 440.1538 0.0000 0.0000 -77.2685 -100.2265 1106.1310 0.0000 0.0000 42.3959 25.1671 -1567.8366 -2400.0766 -103.3827 0.0000 1.4470 0.0000 0.0000 2390.5125 -342.1202
87.8075 7.9231 -10.9586 0.0000 35.4918 22.4236 0.0000 -12.1475 0.0000 0.0000 23.6604 0.0000 0.0000 0.0000 0.0000 -44.9312 0.0000 0.0000 0.0000 0.0000 0.0000 75.6474 0.0000 0.0000 0.0000 0.0000 0.0000 87.0720 -27.7761
0.1648 0.0000 0.0000 0.0000 0.0000 0.0000 0.0000 0.0000 0.0000 0.0000 0.0000 0.0000 0.0000 0.0000 0.0000 0.0000 0.0000 0.0000 0.0000 0.0000 0.0000 0.0000 0.0000 0.0000 0.0000 0.0000 0.0000 0.0000 0.0000
