# numpoly:1.0.6 names:q0,q1,q2,q3,q4 keys:;;;;;,;;;;<,;;;;=,;;;;>,;;;<;,;;;<<,;;;<=,;;;=;,;;;=<,;;;>;,;;<;;,;;<;<,;;<;=,;;<<;,;;<<<,;;<=;,;;=;;,;;=;<,;;=<;,;<;;;,;<;;<,;<;;=,;<;<;,;<;<<,;<;=;,;<<;;,;=;;;,<;;;;,<;;;<,<;;;=,<;;<;,<;;<<,<;;=;,<;<;;,<;<;<,<;<<;,<<;;;,<<;;<,=;;;;,=;;;< shape:9
# onwind solar H2 battery transmission offwind wind tsc gini
-695.1976 1232.3675 -405.8990 591.8083 2620.6891 -274.3884 -855.4165 -707.1473 631.1382 0.0000 2265.1147 1134.8122 0.0000 -4220.2083 0.0000 0.0000 -1389.0470 -757.1480 2326.2533 3729.1058 -2209.3428 -336.4119 60.1683 118.6000 -125.2025 135.3851 -4474.9291 -2636.3614 -989.8750 -74.4524 -804.6528 460.0122 563.0337 238.3710 0.0000 0.0000 5534.0631 3367.9054 -1961.7400 -1264.7567
-98.2883 1341.4656 -1097.6687 309.4236 230.1634 -584.5286 -711.2453 813.2926 727.4526 -247.7044 -992.2719 -224.8140 -313.1029 -186.0291 1432.8844 -879.7290 1229.6323 0.0000 0.0000 341.4522 494.3546 -395.5792 0.0000 0.0000 0.0000 -711.5591 0.0000 1965.1290 -1790.6785 1782.2613 -663.3938 -892.3708 183.7585 -1656.8221 -16.3217 775.4340 400.0331 0.0000 0.0000 0.0000
-14.0907 286.5567 -68.1745 -61.1729 -59.9071 -371.5472 239.1170 86.2823 0.0000 0.0000 11.5221 0.0000 0.0000 1.0754 0.0000 0.0000 0.0000 0.0000 0.0000 20.3439 21.2354 0.0000 -9.5691 0.0000 0.0000 0.0000 0.0000 -37.6327 -13.2643 0.0000 11.4010 0.0000 0.0000 0.0000 0.0000 0.0000 0.0000 0.0000 0.0000 0.0000
774.9160 -3946.4133 6672.0100 -3443.3277 985.6018 -1994.8367 1145.6587 0.0000 0.0000 0.0000 41.0134 -138.0022 111.2921 -21.7833 0.0000 0.0000 5.9137 0.0000 0.0000 95.8761 -170.9325 0.0000 -4.4518 0.0000 0.0000 52.2957 0.0000 635.4877 -1185.4460 585.0873 0.0000 0.0000 0.0000 -120.7978 0.0000 0.0000 76.5613 0.0000 0.0000 0.0000
483.4926 140.7484 -332.3025 175.3415 -73.0555 473.4738 -229.7675 -149.2463 0.0000 0.0000 69.5049 -31.2344 0.0000 -0.8497 0.0000 0.0000 -29.7684 0.0000 0.0000 -81.1186 -61.7760 0.0000 140.5028 0.0000 0.0000 0.0000 0.0000 96.7687 86.2237 0.0000 -26.6214 0.0000 0.0000 59.0608 0.0000 0.0000 49.2668 0.0000 -121.9166 0.0000
147.4644 -407.7973 100.1139 -31.0684 -272.1061 90.0219 171.4773 233.0002 -182.8109 0.0000 143.4705 55.5972 0.0000 126.4031 -49.3353 0.0000 -55.3303 0.0000 0.0000 -1323.5361 49.6551 109.5837 -26.5277 0.0000 0.0000 0.0000 2625.3425 1007.3740 747.7899 -225.3431 312.6296 0.0000 -245.6911 0.0000 0.0000 0.0000 -4327.4132 -444.2911 1772.6200 0.0000
1073.4301 318.1994 -156.8249 480.3701 313.8605 193.5236 -560.1880 -252.1930 285.4135 0.0000 315.8990 118.8133 0.0000 -201.5190 -236.8932 34.8512 -303.7161 -28.2923 57.1322 1210.9907 -600.6073 0.0000 -108.8423 0.0000 0.0000 154.9467 -1669.5159 -1825.3707 -115.8430 -637.1542 -15.3968 419.1056 0.0000 320.0648 0.0000 0.0000 2364.7600 831.2107 -877.3215 0.0000
117.1340 11.1234 -10.6689 0.0000 35.6046 22.7557 0.0000 -13.0610 0.0000 0.0000 20.6359 0.0000 0.0000 0.0000 0.0000 0.0000 0.0000 0.0000 0.0000 -69.9202 0.0000 0.0000 0.0000 0.0000 0.0000 0.0000 0.0000 56.8232 0.0000 0.0000 0.0000 0.0000 0.0000 0.0000 0.0000 0.0000 92.2607 0.0000 -28.3787 0.0000
0.5494 0.0208 0.0000 0.0000 -0.0499 0.0000 0.0000 0.0000 0.0000 0.0000 0.0803 0.0000 0.0000 0.0000 0.0000 0.0000 0.0000 0.0000 0.0000 0.0601 0.0000 0.0000 0.0000 0.0000 0.0000 0.0000 0.0000 -0.0177 0.0000 0.0000 0.0000 0.0000 0.0000 0.0000 0.0000 0.0000 0.0000 0.0000 0.0000 0.0000
