# numpoly:1.0.6 names:q0,q1,q2,q3,q4 keys:;;;;;,;;;;<,;;;;=,;;;;>,;;;<;,;;;<<,;;;<=,;;;=;,;;;=<,;;<;;,;;<;<,;;<;=,;;<<;,;;=;;,;<;;;,;<;;<,;<;<;,;<<;;,;=;;;,<;;;;,<;;;<,<;;;=,<;;<;,<;;<<,<;<;;,<;<;<,<<;;;,=;;;; shape:9
# onwind solar H2 battery transmission offwind wind tsc gini
1682.0686 -115.4348 -82.3642 71.7435 -13.8425 488.4295 -188.3420 -178.0545 0.0000 217.2148 128.6960 0.0000 -47.5641 -115.6993 1591.1652 0.0000 129.7387 94.9735 -2731.1874 -2730.8957 81.0039 0.0000 -28.7856 0.0000 162.4081 -170.2066 4072.0573 -1046.7052
42.7784 -268.8304 264.8232 -140.0600 157.0473 -324.8479 119.5379 125.3390 0.0000 -773.4164 433.0158 -256.2134 102.5015 273.9190 138.6977 98.4800 102.5680 63.5922 188.6890 1232.1336 -330.1172 300.5402 -274.6711 -59.5559 -383.3078 0.0000 -1010.6554 469.7572
116.2532 149.3643 -198.8012 156.8511 -152.0374 98.7629 -200.3017 12.4542 71.3449 38.5750 -35.3557 0.0000 11.5848 0.0000 -2.7233 -15.2983 25.6268 0.0000 0.0000 1.6255 80.8553 0.0000 -61.4815 0.0000 0.0000 0.0000 0.0000 0.0000
197.8968 -356.7664 1255.7551 -1064.8608 381.9864 -1667.5791 1557.1974 241.5252 -404.3332 -100.3449 25.3796 0.0000 -29.5708 22.8554 -115.4372 41.8292 -7.8624 0.0000 0.0000 -36.8806 -104.8312 0.0000 155.7665 0.0000 0.0000 0.0000 53.8799 0.0000
276.4178 32.5625 74.6584 -55.9189 -35.7042 -13.1590 0.0000 100.7875 0.0000 -2.4721 4.3313 0.0000 -30.9904 24.2403 44.3851 53.4493 0.0000 0.0000 0.0000 401.1727 -136.2335 0.0000 -34.4243 39.5947 -8.8637 0.0000 -174.5942 3.8442
-15.3688 3.2194 2.0530 0.0000 13.5803 0.0000 0.0000 10.6484 0.0000 12.1344 0.0000 0.0000 0.0000 0.0000 -339.4885 -22.0793 -54.9712 0.0000 794.2383 345.5996 2.0237 0.0000 38.7240 0.0000 0.0000 0.0000 -1237.9365 437.4305
1632.0984 11.1649 -116.5553 100.0836 6.7131 512.0544 -208.1806 -158.3049 0.0000 421.7652 -9.2296 0.0000 -44.3388 -163.5411 1094.7844 -32.7510 45.3962 96.5877 -1780.5028 -2346.8961 -50.2518 0.0000 0.0000 0.0000 33.2844 0.0000 2743.2215 -525.0911
91.5669 7.4824 -10.1948 0.0000 35.8914 22.2334 0.0000 -13.8526 0.0000 27.3038 0.0000 0.0000 0.0000 0.0000 -48.4776 0.0000 0.0000 0.0000 0.0000 58.2823 0.0000 0.0000 0.0000 0.0000 0.0000 0.0000 79.8533 -16.2934
0.5063 -0.0053 0.0000 0.0000 0.0724 0.0000 0.0000 0.0000 0.0000 -0.0337 0.0000 0.0000 0.0000 0.0000 -0.0494 0.0000 0.0000 0.0000 0.0000 0.1399 0.0000 0.0000 0.0000 0.0000 0.0000 0.0000 0.0000 0.0000
