# numpoly:1.0.6 names:q0,q1,q2,q3,q4 keys:;;;;;,;;;;<,;;;;=,;;;;>,;;;<;,;;;<<,;;;<=,;;;=;,;;;=<,;;;>;,;;<;;,;;<;<,;;<;=,;;<<;,;;=;;,;<;;;,;<;;<,;<;;=,;<;<;,;<;=;,;<<;;,;=;;;,<;;;;,<;;;<,<;;;=,<;;<;,<;;=;,<;<;;,<<;;;,<<;;<,<<;<;,=;;;; shape:9
# onwind solar H2 battery transmission offwind wind tsc gini
1789.1928 -685.8148 388.7627 -66.5681 13.3198 -144.1792 20.9545 516.2196 0.0000 -211.6743 140.9217 575.7005 -460.7101 -91.6835 -13.8897 2253.0756 215.6183 241.7925 -950.2068 490.6814 352.0249 -3339.9155 -4618.0642 576.4538 -96.5131 632.4344 -696.9201 -438.4962 5620.9318 -654.0440 308.3278 -848.1407
844.1144 -126.3032 -97.7876 0.0000 -285.4058 543.4203 42.2173 48.4734 -305.7241 0.0000 -1085.4188 -148.9956 0.0000 147.7467 464.9518 -86.1512 80.3673 0.0000 0.0000 0.0000 -81.1553 -422.0496 545.3028 36.3627 0.0000 21.2897 0.0000 -200.1224 1153.9566 0.0000 0.0000 -613.9084
190.5822 -63.7464 39.4604 80.1850 3.0575 54.1226 -340.2564 -243.6137 336.1731 0.0000 22.5659 -8.5839 0.0000 0.0000 0.0000 -26.7243 0.0000 0.0000 30.4025 0.0000 0.0000 0.0000 11.3873 -2.8514 0.0000 0.0000 0.0000 0.0000 0.0000 0.0000 0.0000 0.0000
50.1801 64.8504 -30.1545 -66.6849 -143.2775 -136.1943 297.5246 226.4104 -245.5954 0.0000 -9.8414 9.4784 0.0000 -1.7017 0.0000 -3.6157 0.0000 0.0000 0.0000 0.0000 0.0000 0.0000 -20.9031 2.8001 0.0000 0.0000 0.0000 0.0000 0.0000 0.0000 0.0000 0.0000
480.8731 -53.9160 -45.5568 0.0000 36.9101 131.6255 66.5764 124.1044 -165.0197 0.0000 11.0884 0.0000 0.0000 0.0000 0.0000 -43.6945 0.0000 0.0000 -123.5580 0.0000 0.0000 0.0000 51.5673 44.8155 0.0000 5.5215 0.0000 0.0000 237.7500 0.0000 0.0000 -153.0260
-105.1192 42.1135 -95.9007 0.0000 -95.9964 41.3608 89.4051 -8.5293 -84.9696 63.6417 30.9426 -50.1621 40.4533 58.6221 0.0000 -1108.2321 0.0000 0.0000 0.0000 0.0000 -124.4587 1982.1024 1656.8841 23.6848 0.0000 0.0000 0.0000 123.2266 -3363.1352 0.0000 0.0000 968.0046
1332.7208 130.9879 -33.9279 -27.1710 13.5375 -103.6360 214.0070 133.4620 -169.8553 0.0000 375.0032 61.2399 -48.6052 -14.1612 -28.9261 867.8598 -20.6185 0.0000 0.0000 0.0000 133.0096 -1204.5622 -2280.9079 -82.3588 0.0000 -26.0325 -45.2936 -281.4007 1975.5385 0.0000 0.0000 48.3608
92.6088 -2.1348 -9.6689 0.0000 32.5287 21.6648 0.0000 -12.7142 0.0000 0.0000 26.9271 0.0000 0.0000 0.0000 0.0000 -53.5419 0.0000 0.0000 0.0000 0.0000 0.0000 0.0000 70.0763 0.0000 0.0000 0.0000 0.0000 0.0000 81.1272 0.0000 0.0000 -24.8702
0.5715 -0.0014 0.0000 0.0000 0.0359 0.0000 0.0000 0.0000 0.0000 0.0000 0.0300 0.0000 0.0000 0.0000 0.0000 0.0080 0.0000 0.0000 0.0000 0.0000 0.0000 0.0000 -0.0031 0.0000 0.0000 0.0000 0.0000 0.0000 0.0000 0.0000 0.0000 0.0000
