# numpoly:1.0.6 names:q0,q1,q2,q3,q4 keys:;;;;;,;;;;<,;;;;=,;;;;>,;;;<;,;;;<<,;;;<=,;;;=;,;;;=<,;;<;;,;;<;<,;;<;=,;;<<;,;;=;;,;<;;;,;<;;<,;<;<;,;<<;;,;=;;;,<;;;;,<;;;<,<;;;=,<;;<;,<;<;;,<;<;<,<<;;;,=;;;;,=;;;< shape:9
# onwind solar H2 battery transmission offwind wind tsc gini
1705.8732 -399.9359 -61.8897 62.7070 244.2853 161.9178 -101.6568 -245.9591 119.6116 -214.4920 405.2997 0.0000 0.0000 -146.3469 2099.0563 -122.1521 244.9423 271.6123 -3705.9205 -3436.2506 582.3072 -84.2103 -277.1708 600.6572 -588.9032 5969.2521 -2085.8869 134.8400
538.0568 87.5436 141.0796 -147.1240 112.4399 -708.9567 324.6438 119.1125 0.0000 -799.9500 -148.7179 -305.6851 20.9128 901.5081 -213.1458 86.4810 0.0000 135.6961 -33.1778 633.0258 -66.9587 412.5815 0.1070 -1918.9456 1016.9562 0.0000 1037.1383 -908.7249
124.5917 205.9997 -256.7028 143.8051 -241.0754 101.5603 -119.9754 111.4756 0.0000 1.6275 -33.8709 0.0000 28.9763 0.0000 15.8135 0.0000 0.0000 0.0000 0.0000 40.0800 82.7523 0.0000 -103.4488 0.0000 0.0000 0.0000 0.0000 0.0000
-44.7689 -295.8902 1239.2212 -992.5394 780.4173 -1802.8188 1201.1001 -20.3109 -17.4929 -16.7557 109.5025 0.0000 -114.8092 0.0000 11.7392 28.5313 -19.0958 0.0000 0.0000 8.9847 -361.8670 210.4212 178.5097 0.0000 0.0000 0.0000 0.0000 0.0000
212.4733 24.4530 24.7777 -33.6494 13.2743 11.2564 0.0000 56.8699 0.0000 4.6559 7.5540 0.0000 0.0000 0.0000 -280.9023 32.6291 -52.3643 0.0000 -90.8401 491.4943 -106.2853 32.2848 -3.7095 44.3755 0.0000 549.0229 -500.8102 0.0000
-16.3794 41.4608 5.2469 0.0000 -31.1523 18.9936 0.0000 0.0000 0.0000 98.6107 -3.2848 0.0000 0.0000 -29.5305 -830.8339 23.0555 -81.1408 -49.3671 1804.1027 895.0826 -89.6957 0.0000 135.2260 0.0000 0.0000 -3119.2617 1252.8880 0.0000
1557.9156 -221.1906 -71.5422 81.4726 122.7082 364.9707 -152.1871 -190.6150 36.5750 345.5621 72.5760 0.0000 0.0000 -276.8755 1180.7473 -84.9312 133.3103 118.9437 -1746.1353 -2540.9029 364.9574 -63.1733 -119.7307 372.7894 -217.1224 2752.6894 -668.0150 0.0000
78.3853 8.7881 -10.7248 0.0000 36.6865 20.0717 0.0000 -13.5568 0.0000 21.7871 0.0000 0.0000 0.0000 0.0000 -36.3998 0.0000 0.0000 0.0000 0.0000 71.3757 0.0000 0.0000 0.0000 0.0000 0.0000 74.4487 -23.0343 0.0000
0.2675 0.0000 0.0000 0.0000 0.0000 0.0000 0.0000 0.0000 0.0000 0.0000 0.0000 0.0000 0.0000 0.0000 0.0000 0.0000 0.0000 0.0000 0.0000 0.0000 0.0000 0.0000 0.0000 0.0000 0.0000 0.0000 0.0000 0.0000
