# numpoly:1.0.6 names:q0,q1,q2,q3,q4 keys:;;;;;,;;;;<,;;;;=,;;;;>,;;;<;,;;;<<,;;;<=,;;;=;,;;;=<,;;<;;,;;<;<,;;<;=,;;<<;,;;<<<,;;<=;,;;=;;,;<;;;,;<;;<,;<;;=,;<;<;,;<;<<,;<<;;,;=;;;,<;;;;,<;;;<,<;;;=,<;;<;,<;;<<,<;<;;,<;<;<,<<;;;,<<;;<,<<;<;,=;;;;,=;;<;,=<;;; shape:9
# onwind solar H2 battery transmission offwind wind tsc gini
6551.8731 -1589.7292 505.4197 -98.6538 -538.3519 971.9384 344.8097 168.4752 -363.6915 202.3700 93.4708 0.0000 304.9646 -362.5805 29.9963 53.6400 -1164.7411 1322.6140 0.0000 -897.9488 -733.6392 397.3642 -4213.6805 -17443.1453 954.8091 -680.5869 301.3817 301.6294 -785.5422 -9.7698 18659.8476 -677.5085 1726.7214 7490.5373 -1220.2652 -8648.5150
196.2687 -11.9054 -18.8506 0.0000 121.3855 -172.2409 61.8912 63.4993 0.0000 -418.5972 88.4328 0.0000 0.0000 0.0000 0.0000 218.0369 -172.0964 13.5127 0.0000 -86.6013 0.0000 -31.7729 0.0000 149.1870 -52.1829 0.0000 7.9676 0.0000 -240.5612 0.0000 487.8615 0.0000 0.0000 -129.0088 0.0000 0.0000
98.9996 325.9231 -309.5971 136.9007 -220.0797 -110.2266 0.0000 165.1650 9.2506 35.3983 -19.1969 0.0000 27.7981 0.0000 0.0000 0.0000 25.8863 48.8114 0.0000 -12.6935 0.0000 0.0000 0.0000 3.7299 0.0000 0.0000 -55.7829 0.0000 3.2324 0.0000 -14.7289 0.0000 0.0000 0.0000 0.0000 0.0000
133.2119 -1682.3891 3868.8003 -2309.3964 679.4459 -1414.0524 817.8624 -109.9285 0.0000 34.8948 -354.3247 202.1853 0.0000 0.0000 0.0000 41.4218 457.6806 -1376.7267 839.0229 101.0840 0.0000 0.0000 0.0000 -59.4974 443.0993 -394.2647 -162.8041 243.0270 -9.5777 0.0000 0.0000 0.0000 0.0000 0.0000 0.0000 0.0000
393.3778 37.7628 -114.1603 57.9510 83.0609 76.0034 -33.7766 -42.7031 0.0000 94.7784 0.0000 0.0000 -48.3247 0.0000 0.0000 0.0000 108.4087 -5.2970 0.0000 0.0000 0.0000 -43.1078 0.0000 60.0700 37.9341 0.0000 0.0000 0.0000 0.0000 0.0000 -50.9648 0.0000 0.0000 0.0000 0.0000 0.0000
220.2617 401.2159 -444.2489 202.3008 165.1317 126.8966 -251.8390 -84.0682 33.1152 5.2230 87.4579 0.0000 -77.0019 0.0000 0.0000 -91.5304 -2076.2807 -349.6320 0.0000 -224.7422 362.4875 -45.0621 2481.1119 1647.3111 -53.8991 205.9769 195.7419 -181.1736 336.5049 0.0000 -3483.6552 0.0000 0.0000 1058.2087 0.0000 0.0000
3317.2175 -237.6802 -121.8900 76.0055 -443.2563 648.8189 28.9993 3.1292 -170.7604 236.8134 87.6406 0.0000 193.5242 -265.1883 0.0000 0.0000 -221.5332 232.2792 0.0000 70.5736 0.0000 264.6783 -1556.3347 -7046.3497 101.5882 -136.1777 0.0000 0.0000 -424.7157 0.0000 6903.5872 -121.0431 0.0000 2947.2985 0.0000 -3235.4941
93.5035 8.1447 -10.3337 0.0000 32.9157 22.0427 0.0000 -10.8758 0.0000 28.1710 0.0000 0.0000 0.0000 0.0000 0.0000 0.0000 -55.7785 0.0000 0.0000 0.0000 0.0000 0.0000 0.0000 73.9794 0.0000 0.0000 0.0000 0.0000 0.0000 0.0000 89.4777 0.0000 0.0000 -28.5080 0.0000 0.0000
0.6500 0.0197 0.0000 0.0000 -0.0139 0.0000 0.0000 0.0000 0.0000 0.0336 0.0000 0.0000 0.0000 0.0000 0.0000 0.0000 -0.1597 0.0000 0.0000 0.0000 0.0000 0.0000 0.0000 0.1390 0.0000 0.0000 0.0000 0.0000 0.0000 0.0000 0.0000 0.0000 0.0000 0.0000 0.0000 0.0000
