# numpoly:1.0.6 names:q0,q1,q2,q3,q4 keys:;;;;;,;;;;<,;;;;=,;;;;>,;;;<;,;;;<<,;;;<=,;;;=;,;;;=<,;;<;;,;;<;<,;;<;=,;;<<;,;;<<<,;;=;;,;;=;<,;<;;;,;<;;<,;<;<;,;<;<<,;<<;;,;=;;;,<;;;;,<;;;<,<;;<;,<;;<<,<;;=;,<;<;;,<<;;;,<<;<;,=;;;;,=;;<; shape:9
# onwind solar H2 battery transmission offwind wind tsc gini
1580.5174 -1067.0293 923.5218 -288.3472 938.2302 214.4473 -55.5877 -142.9454 0.0000 -509.4842 820.6879 -506.9594 -150.9251 243.4276 135.1472 -217.9793 2853.2902 -312.2963 -694.7558 150.2452 509.8059 -5453.5657 -3792.9013 643.4794 -1340.4318 -471.2367 110.5659 -218.5377 8371.3290 1415.7693 -2559.5716 -208.1429
257.2395 -17.7136 91.2592 -45.7625 185.8796 -682.1402 293.4438 70.1668 -30.3360 -542.2343 343.5532 0.0000 -391.9256 0.0000 891.1830 0.0000 206.2498 31.3295 223.1972 0.0000 -205.1154 -439.3152 594.0352 -239.5189 228.4155 0.0000 0.0000 -1317.6240 940.8493 0.0000 0.0000 0.0000
315.3439 160.1648 -130.7295 44.4899 -364.2404 54.0334 -72.0745 202.9616 0.0000 -37.3187 -29.6719 0.0000 16.4775 0.0000 0.0000 0.0000 -98.7062 51.4759 -26.9166 0.0000 0.0000 0.0000 -176.4157 27.5813 -35.9232 0.0000 0.0000 39.6882 160.4124 0.0000 0.0000 0.0000
-160.8963 -388.1493 1275.2967 -841.1229 827.8325 -1744.3625 1063.2634 -51.8128 0.0000 118.6324 68.6266 0.0000 -116.1561 0.0000 0.0000 0.0000 42.2304 -141.7291 98.5939 0.0000 0.0000 0.0000 145.4075 -25.7362 29.0854 0.0000 0.0000 -164.7455 0.0000 0.0000 0.0000 0.0000
539.3287 25.8456 1.5150 0.0000 164.4202 -5.7073 0.0000 -8.9004 0.0000 90.1266 -30.0917 0.0000 0.0000 0.0000 0.0000 0.0000 -62.5155 0.0000 -74.0542 0.0000 0.0000 0.0000 182.0589 13.7822 0.0000 0.0000 0.0000 0.0000 225.2154 0.0000 -167.5799 0.0000
-289.6431 134.1621 -231.3248 127.5193 50.3795 73.3294 0.0000 -34.2407 0.0000 83.6815 -28.6692 0.0000 94.2664 0.0000 -71.9224 0.0000 -1332.1752 81.1943 -354.4610 0.0000 -127.4887 3245.9662 2039.2703 -125.4875 272.9225 0.0000 0.0000 226.0202 -5455.3398 0.0000 1675.4341 0.0000
1868.6200 -598.8966 425.9632 -75.8055 -86.2995 489.1455 -145.2170 -93.0265 0.0000 -85.5557 287.0390 -299.4674 54.9931 47.9492 -86.7704 0.0000 531.1982 -110.6060 195.0549 0.0000 292.3667 -2068.1704 -2415.3418 319.3787 -169.7107 -215.0387 0.0000 0.0000 3817.8635 0.0000 -916.9130 0.0000
90.2112 10.5042 -11.8323 0.0000 32.0282 20.5058 0.0000 -10.3724 0.0000 27.5944 0.0000 0.0000 0.0000 0.0000 0.0000 0.0000 -46.0899 0.0000 0.0000 0.0000 0.0000 0.0000 59.7371 0.0000 0.0000 0.0000 0.0000 0.0000 77.0254 0.0000 -15.7936 0.0000
0.6282 -0.0008 0.0000 0.0000 0.0333 0.0000 0.0000 0.0000 0.0000 -0.0084 0.0000 0.0000 0.0000 0.0000 0.0000 0.0000 -0.0213 0.0000 0.0000 0.0000 0.0000 0.0000 0.0252 0.0000 0.0000 0.0000 0.0000 0.0000 0.0000 0.0000 0.0000 0.0000
