# numpoly:1.0.6 names:q0,q1,q2,q3,q4 keys:;;;;;,;;;;<,;;;;=,;;;;>,;;;<;,;;;<<,;;;<=,;;;=;,;;;=<,;;;>;,;;<;;,;;<;<,;;<;=,;;<<;,;;<<<,;;=;;,;;=;<,;<;;;,;<;;<,;<;<;,;<<;;,;=;;;,<;;;;,<;;;<,<;;<;,<;;<<,<;<;;,<;<;<,<;<<;,<<;;;,<<;;<,<<;<;,=;;;;,=;;<;,=<;;; shape:9
# onwind solar H2 battery transmission offwind wind tsc gini
5636.8845 -993.8540 318.2015 0.0000 -1273.0953 -149.9534 -39.1567 1253.6134 0.0000 -623.6062 -251.2850 963.9129 -431.0523 159.5956 -273.3116 -77.2040 -234.0843 -1309.2967 611.2207 -707.1126 523.6308 -3395.2446 -13722.9120 638.3243 2143.3481 512.5183 -149.9446 0.0000 176.9988 13704.5347 -821.7364 1475.2501 5251.9889 -2742.5776 -5353.8939
1406.6146 -365.7090 235.8473 0.0000 -1054.0101 312.1549 -117.8264 145.3204 -80.5192 0.0000 -1799.0766 -5.2498 -73.2840 478.0565 506.5579 1054.3834 0.0000 327.3817 21.3976 -419.6327 -252.6349 -330.9989 -143.1864 -135.1885 1683.9565 -481.5761 -474.0271 91.0628 -1138.0512 1205.9819 0.0000 0.0000 -152.1895 0.0000 0.0000
393.6510 71.6486 -130.1791 36.2896 -650.5131 223.3394 0.0000 304.7477 -63.3266 0.0000 -76.6611 0.0000 0.0000 72.6360 0.0000 0.0000 0.0000 -6.7131 0.0000 -37.0312 0.0000 0.0000 259.2247 -41.2463 -218.3833 0.0000 0.0000 0.0000 0.0000 117.9187 0.0000 0.0000 -40.3156 0.0000 0.0000
264.6810 -1504.3447 2383.4895 -1134.8457 353.5804 -696.1354 397.1422 6.5210 0.0000 0.0000 -13.4274 0.0000 0.0000 0.0000 0.0000 0.0000 0.0000 49.1877 -52.3853 0.0000 0.0000 0.0000 141.5923 -132.3323 -1.2126 0.0000 0.0000 0.0000 0.0000 0.0000 0.0000 0.0000 0.0000 0.0000 0.0000
311.2846 42.3971 -8.0656 0.0000 121.3240 -34.9029 0.0000 -13.4787 0.0000 0.0000 32.5944 6.9675 0.0000 32.1143 0.0000 -1.7023 0.0000 159.0920 0.0000 0.0000 0.0000 -355.9070 -417.9426 0.5750 -78.4578 0.0000 0.0000 0.0000 0.0000 776.8544 0.0000 0.0000 -173.4900 0.0000 0.0000
-80.1240 185.7838 -133.0738 0.0000 -21.6756 -68.2585 20.7174 18.5330 0.0000 0.0000 95.2053 -161.8910 130.5572 -26.5344 0.0000 0.0000 0.0000 -1135.7294 61.4451 -195.7049 -150.5468 1996.8524 1457.9596 -50.4714 308.4214 0.0000 173.9763 0.0000 0.0000 -3368.3712 0.0000 0.0000 1009.9738 0.0000 0.0000
1654.0621 49.5036 -77.6661 0.0000 -709.7722 85.9142 0.0000 376.0281 0.0000 -201.1934 285.8950 -11.2601 0.0000 228.0202 -221.4652 -211.7089 0.0000 748.8293 -16.3767 302.8154 260.8769 -1259.8823 -3040.7990 210.6911 970.9071 49.9237 58.0573 0.0000 0.0000 1831.3212 0.0000 0.0000 376.0788 -835.5184 0.0000
88.3867 7.4263 -9.4511 0.0000 36.7043 20.0182 0.0000 -12.1902 0.0000 0.0000 22.8345 0.0000 0.0000 0.0000 0.0000 0.0000 0.0000 -42.1519 0.0000 0.0000 0.0000 0.0000 66.0499 0.0000 0.0000 0.0000 0.0000 0.0000 0.0000 82.4447 0.0000 0.0000 -20.5266 0.0000 0.0000
0.2865 0.0000 0.0000 0.0000 0.0000 0.0000 0.0000 0.0000 0.0000 0.0000 0.0000 0.0000 0.0000 0.0000 0.0000 0.0000 0.0000 0.0000 0.0000 0.0000 0.0000 0.0000 0.0000 0.0000 0.0000 0.0000 0.0000 0.0000 0.0000 0.0000 0.0000 0.0000 0.0000 0.0000 0.0000
