# numpoly:1.0.6 names:q0,q1,q2,q3,q4 keys:;;;;;,;;;;<,;;;;=,;;;;>,;;;<;,;;;<<,;;;<=,;;;=;,;;;=<,;;<;;,;;<;<,;;<;=,;;<<;,;;<<<,;;=;;,;<;;;,;<;;<,;<;<;,;<<;;,;=;;;,<;;;;,<;;;<,<;;;=,<;;<;,<;<;;,<;<;<,<<;;;,=;;;; shape:9
# onwind solar H2 battery transmission offwind wind tsc gini
1512.5592 -43.9339 -175.9281 130.5786 -20.5721 473.2169 -215.4826 -129.2475 0.0000 351.3618 65.3399 0.0000 -4.5856 0.0000 -277.2450 1860.8541 -55.0322 91.1427 227.0120 -3373.1902 -3065.1946 169.5134 0.0000 -79.2219 167.7211 -139.2895 5222.8589 -1517.2031
-119.2023 350.3701 285.8411 -190.4427 271.4006 -741.6783 275.9028 123.7769 0.0000 -633.3586 -57.4219 -272.5249 -27.9438 149.4627 556.4650 -78.7908 125.3111 0.0000 147.3372 0.0000 1718.5546 -998.9461 310.3129 -104.4230 -1230.5392 600.9291 -360.5078 274.9912
94.8858 163.9705 -188.3401 114.4495 -170.5798 84.0343 -119.0795 93.3218 0.0000 28.4635 -36.0162 0.0000 19.0946 0.0000 0.0000 22.1781 -8.3215 0.0000 0.0000 0.0000 24.5063 82.9436 0.0000 -112.0689 0.0000 0.0000 0.0000 0.0000
90.5485 -271.7928 1142.8611 -982.9800 627.1949 -1736.6437 1317.5793 64.0310 -146.8132 -87.3776 60.5626 0.0000 -77.3471 0.0000 7.1515 -71.2981 38.4675 -53.1878 0.0000 0.0000 76.0312 -319.5414 178.4779 188.6055 0.0000 0.0000 30.0571 -30.0153
424.4660 32.9414 -27.3184 0.0000 -75.7805 24.5036 0.0000 95.5269 0.0000 -21.8541 24.2739 0.0000 0.0000 0.0000 0.0000 -281.7447 57.6854 0.0000 0.0000 -60.3594 486.9623 -91.3618 0.0000 -11.6082 22.1323 0.0000 341.1509 -345.4782
67.6183 -20.8735 6.2549 0.0000 -28.3479 25.4031 0.0000 -9.3791 0.0000 24.8452 0.0000 0.0000 -1.7172 0.0000 0.0000 -693.7492 0.0000 -1.0843 0.0000 1444.7219 568.0458 -23.7904 0.0000 55.5464 0.0000 0.0000 -2350.8595 933.3362
1549.2428 27.7374 -132.5469 114.2079 -28.1043 506.0344 -218.7263 -147.1713 0.0000 532.9800 -60.5949 0.0000 -28.6794 0.0000 -269.9637 1064.8291 -61.4552 63.6624 137.6181 -1757.7829 -2500.7931 15.0075 0.0000 -2.6331 101.4041 0.0000 2769.8056 -504.2780
82.6424 6.8600 -8.2410 0.0000 33.1050 19.3226 0.0000 -10.9961 0.0000 27.0152 0.0000 0.0000 0.0000 0.0000 0.0000 -43.4743 0.0000 0.0000 0.0000 0.0000 71.3697 0.0000 0.0000 0.0000 0.0000 0.0000 74.0302 -22.4650
0.5308 -0.0063 0.0000 0.0000 0.0518 0.0000 0.0000 0.0000 0.0000 -0.0241 0.0000 0.0000 0.0000 0.0000 0.0000 -0.0280 0.0000 0.0000 0.0000 0.0000 0.1124 0.0000 0.0000 0.0000 0.0000 0.0000 0.0000 0.0000
