# numpoly:1.0.6 names:q0,q1,q2,q3,q4 keys:;;;;;,;;;;<,;;;;=,;;;;>,;;;<;,;;;<<,;;;<=,;;;=;,;;;=<,;;<;;,;;<;<,;;<;=,;;<<;,;;=;;,;;=;<,;<;;;,;<;;<,;<;;=,;<;<;,;<;<<,;<<;;,;<<;<,;=;;;,<;;;;,<;;;<,<;;;=,<;;<;,<;;<<,<;<;;,<<;;;,<<;;<,<<;<;,<<<;;,<=;;;,=;;;;,=;;;<,=<;;; shape:9
# onwind solar H2 battery transmission offwind wind tsc gini
5886.2491 -245.2373 201.4561 0.0000 -809.2017 -158.8086 0.0000 -71.7036 0.0000 63.0873 -149.4147 0.0000 -42.4499 -123.1123 0.0000 11538.5278 179.9965 -295.9366 812.9410 505.4954 631.3016 0.0000 -17237.2306 -31295.7814 280.0130 0.0000 1600.0563 -293.2538 -146.6776 12255.8260 0.0000 -1553.4829 0.0000 20643.3899 27392.3389 0.0000 -29288.9091
1845.9185 -1490.1637 1037.0759 -400.8915 -330.8885 16.3986 354.3141 455.9811 -503.2782 -2138.7867 1963.9015 -742.0357 36.8002 1332.8710 -613.3318 -480.9327 -215.1224 354.6626 -161.4019 0.0000 -977.6500 365.0660 -783.9122 -522.3856 27.3840 0.0000 102.4001 0.0000 92.5018 4504.8667 -905.7645 0.0000 -508.6163 0.0000 -1731.5597 366.7728 0.0000
133.5161 139.5394 -143.0870 91.2169 -245.9237 62.1787 -105.1173 128.8149 0.0000 21.6860 -34.6700 0.0000 10.7925 0.0000 0.0000 4.1846 94.4525 0.0000 -74.2486 0.0000 0.0000 0.0000 0.0000 21.7437 -17.6524 0.0000 0.0000 0.0000 0.0000 0.0000 0.0000 0.0000 0.0000 0.0000 0.0000 0.0000 0.0000
729.5448 -1120.9863 1292.2377 -1071.8780 374.7008 -1130.9364 1031.1850 85.9721 -205.5249 -97.4979 322.5646 -139.7080 -62.0726 5.0941 0.0000 -822.5974 5.4530 703.9593 570.1496 -516.2297 0.0000 0.0000 0.0000 -570.4820 901.8172 -156.6508 -364.2748 408.2914 -91.1198 1095.3961 -1041.2495 0.0000 0.0000 0.0000 -85.7651 0.0000 0.0000
555.0705 28.1359 -38.4916 69.3974 146.4148 -2.8928 -131.4221 -44.5496 116.0645 9.0746 34.2813 0.0000 -41.9764 0.0000 0.0000 73.9552 -74.9142 0.0000 1.1103 0.0000 0.0000 0.0000 -297.2024 -382.3127 38.0905 0.0000 0.0000 0.0000 0.0000 697.5620 0.0000 0.0000 0.0000 0.0000 -154.3630 0.0000 0.0000
-4011.2030 119.5911 -316.7255 136.5245 -158.8319 437.6128 -117.5718 -19.5693 0.0000 -37.2067 -69.6852 56.1977 -11.6547 0.0000 0.0000 3228.8153 262.1661 45.5075 348.4595 -510.3586 -106.9580 0.0000 986.3805 12850.9425 -237.2315 0.0000 -200.9270 329.9165 274.7546 -13840.1112 0.0000 0.0000 0.0000 0.0000 -6551.5089 0.0000 7558.6841
4437.7923 108.9464 -200.2605 45.0856 153.1844 215.2215 -55.6616 -108.3131 0.0000 396.4369 -231.3332 61.3666 -50.8907 -227.4766 0.0000 -1463.0863 120.8046 0.0000 -122.0349 0.0000 414.5622 0.0000 -1286.7800 -12655.8522 39.9209 0.0000 72.8853 0.0000 0.0000 7347.9696 0.0000 0.0000 0.0000 3052.0585 10307.7738 0.0000 -9664.3714
95.7367 8.1797 -11.3042 0.0000 33.5158 23.5276 0.0000 -12.3514 0.0000 27.4712 0.0000 0.0000 0.0000 0.0000 0.0000 -59.2719 0.0000 0.0000 0.0000 0.0000 0.0000 0.0000 0.0000 67.3081 0.0000 0.0000 0.0000 0.0000 0.0000 92.7519 0.0000 0.0000 0.0000 0.0000 -27.1897 0.0000 0.0000
0.5966 -0.0075 0.0000 0.0000 0.0170 0.0000 0.0000 0.0000 0.0000 0.0321 0.0000 0.0000 0.0000 0.0000 0.0000 0.0385 0.0000 0.0000 0.0000 0.0000 0.0000 0.0000 0.0000 -0.0411 0.0000 0.0000 0.0000 0.0000 0.0000 0.0000 0.0000 0.0000 0.0000 0.0000 0.0000 0.0000 0.0000
